0.0 0.020366 0.706153 0.040264 0.391797
6.0 0.200444 0.6262885000000001 0.006572 0.285
7.0 0.144761 0.5251555 0.006357 0.197656
0.0 0.173579 0.32330050000000005 0.012725 0.074141
4.0 0.143735 0.6881050000000002 0.011416 0.172891
0.0 0.074336 0.3593365000000001 0.012422 0.066094
0.0 0.080308 0.38851600000000003 0.015303 0.075313
0.0 0.019248 0.3433990000000001 0.010215 0.094688
0.0 0.025986 0.4351555000000001 0.013438 0.130313
0.0 0.056748 0.403399 0.011504 0.085313
0.0 0.440391 0.6876955 0.032363 0.251563
2.0 0.748169 0.2441995 0.381006 0.992266
0.0 0.505264 0.6773245000000001 0.029766 0.278672
