0.0 0.465728 0.46767550000000013 0.013057 0.126797
0.0 0.443389 0.5042965 0.013926 0.132656
0.0 0.356387 0.7304095000000002 0.06541 0.343203
0.0 0.037275 0.3667195000000001 0.006426 0.066875
2.0 0.087114 0.37568350000000006 0.05374 0.333047
2.0 0.31687 0.4785160000000001 0.190674 0.624219
0.0 0.351187 0.6949615000000001 0.067197 0.284531
0.0 0.096646 0.6251170000000001 0.034443 0.282656
0.0 0.049351 0.38218750000000007 0.010713 0.124531
6.0 0.152417 0.5192965 0.00626 0.228594
6.0 0.595039 0.4662115 0.006289 0.189844
0.0 0.007075 0.4836130000000001 0.01415 0.203828
0.0 0.50585 0.5628325000000002 0.016621 0.149141
