6.0 0.975332 0.3054295000000001 0.004805 0.123281
0.0 0.042764 0.4322260000000001 0.012168 0.119531
0.0 0.026694 0.44095750000000006 0.016787 0.168203
0.0 0.358008 0.46093750000000006 0.160352 0.71875
0.0 0.478462 0.5322460000000001 0.016064 0.199609
0.0 0.008008 0.5003125 0.016016 0.252188
6.0 0.0575 0.363613 0.003477 0.098516
7.0 0.093657 0.44488300000000003 0.00665 0.177656
4.0 0.093213 0.5289070000000001 0.009082 0.11875
0.0 0.018979 0.2921875 0.004619 0.040625
2.0 0.565195 0.43375000000000014 0.074824 0.746719
0.0 0.511245 0.497617 0.012139 0.166719
