6.0 0.066436 0.4201570000000001 0.007969 0.215156
6.0 0.093618 0.49732450000000006 0.008135 0.328047
6.0 0.927515 0.5239255000000002 0.017705 0.477109
6.0 0.77752 0.5686915000000001 0.017031 0.575078
6.0 0.512329 0.40861300000000006 0.0054 0.137109
6.0 0.105293 0.5804695000000001 0.009883 0.301562
6.0 0.131172 0.6101170000000001 0.006211 0.319375
6.0 0.130566 0.6039655 0.007539 0.343047
6.0 0.118638 0.5672260000000001 0.007939 0.312969
6.0 0.143833 0.6032035000000001 0.010225 0.331875
6.0 0.156494 0.685351 0.008984 0.315937
6.0 0.172563 0.699238 0.012744 0.315078
6.0 0.202612 0.7007035 0.012549 0.399062
6.0 0.186489 0.669355 0.010283 0.440859
6.0 0.217764 0.7080865000000001 0.010352 0.389219
6.0 0.241768 0.6668365 0.009551 0.410781
6.0 0.262681 0.7310545 0.015264 0.358594
6.0 0.27749 0.7578325 0.01291 0.316641
6.0 0.299751 0.7618165 0.011572 0.285391
6.0 0.296382 0.7197460000000001 0.010557 0.340391
6.0 0.325679 0.75625 0.010615 0.304375
6.0 0.339712 0.747403 0.011787 0.320234
6.0 0.355063 0.6818950000000001 0.005361 0.337578
6.0 0.784937 0.5130865 0.020674 0.645156
6.0 0.772007 0.4750000000000001 0.018174 0.7
6.0 0.744834 0.4931050000000001 0.024707 0.675859
6.0 0.709058 0.6428125 0.023623 0.47625
6.0 0.671763 0.5759575 0.020381 0.565391
6.0 0.632842 0.5969335 0.021895 0.537422
6.0 0.599419 0.6681835 0.020322 0.442422
6.0 0.61894 0.5945320000000001 0.016885 0.53625
6.0 0.587432 0.6579295000000001 0.013574 0.374688
6.0 0.574326 0.6646675000000002 0.010547 0.433516
6.0 0.556431 0.5574415 0.008721 0.409609
6.0 0.546826 0.5546875000000001 0.009121 0.398906
6.0 0.360796 0.6489055 0.008389 0.394687
6.0 0.371353 0.6883990000000001 0.008701 0.362969
6.0 0.964961 0.3463285000000001 0.005176 0.171563
