0.0 0.457891 0.4827925 0.016367 0.172422
0.0 0.431235 0.532012 0.017744 0.161484
0.0 0.253711 0.7575384999999999 0.092383 0.323281
0.0 0.034282 0.35394550000000014 0.005869 0.052031
2.0 0.071934 0.34779250000000006 0.036602 0.238359
2.0 0.294102 0.4540240000000001 0.21043 0.607656
0.0 0.253052 0.7530865000000001 0.093018 0.329219
0.0 0.07082 0.5194135000000001 0.021328 0.154844
0.0 0.043188 0.3648430000000001 0.007861 0.104688
6.0 0.132637 0.486133 0.006875 0.200781
6.0 0.607241 0.4812115 0.006865 0.202656
0.0 0.007075 0.48138700000000006 0.01415 0.210078
0.0 0.505532 0.56248 0.016729 0.147422
