7.0 0.260889 0.4924615000000001 0.004355 0.094219
0.0 0.425708 0.35863300000000004 0.017607 0.115938
0.0 0.530771 0.282226 0.01123 0.076875
0.0 0.414673 0.39982450000000014 0.021475 0.133203
0.0 0.357339 0.407383 0.007197 0.080781
0.0 0.468369 0.32582050000000007 0.016543 0.092031
0.0 0.519604 0.24378850000000002 0.013584 0.104687
6.0 0.282627 0.758242 0.00877 0.294063
0.0 0.501401 0.7954494999999999 0.058857 0.272734
0.0 0.480674 0.633262 0.025039 0.265234
0.0 0.334155 0.419278 0.01001 0.057734
0.0 0.016743 0.7007620000000001 0.033486 0.398984
6.0 0.221743 0.4790425000000001 0.002217 0.070703
6.0 0.22981 0.4825000000000001 0.001963 0.069531
0.0 0.367871 0.4049215 0.016348 0.119687
0.0 0.988726 0.7003510000000001 0.022549 0.399531
