2.0 0.023604 0.22585900000000003 0.009277 0.134844
2.0 0.050547 0.27132850000000003 0.034941 0.251563
0.0 0.042197 0.5208205000000001 0.022109 0.187031
0.0 0.02 0.36502 0.010039 0.077578
0.0 0.005366 0.47013700000000014 0.010732 0.148047
0.0 0.997295 0.4346875000000001 0.00541 0.188594
0.0 0.347822 0.8976369999999999 0.061133 0.131172
0.0 0.968179 0.5093950000000002 0.023994 0.291641
0.0 0.50481 0.7508005 0.039795 0.332266
0.0 0.505825 0.4471675000000001 0.018643 0.104766
0.0 0.46689 0.5781835000000001 0.021982 0.184453
7.0 0.594194 0.21414100000000005 0.00417 0.071406
7.0 0.582588 0.2676955 0.004902 0.096562
7.0 0.606436 0.3977155000000001 0.007285 0.185391
0.0 0.985439 0.3340825 0.010938 0.121016
0.0 0.522676 0.42056650000000007 0.010234 0.136172
0.0 0.578403 0.6365425000000001 0.067412 0.468516
0.0 0.480195 0.4416595000000001 0.011758 0.105703
