4.0 0.563682 0.46234450000000005 0.012871 0.107187
0.0 0.046055 0.710605 0.042754 0.385859
0.0 0.115728 0.5848045000000002 0.023994 0.160312
0.0 0.154453 0.46691350000000004 0.020957 0.142031
6.0 0.396304 0.49111300000000013 0.003936 0.155078
0.0 0.384531 0.7958005 0.067656 0.272266
0.0 0.471108 0.6578710000000001 0.023975 0.291328
0.0 0.481328 0.4411915000000001 0.010117 0.082578
0.0 0.468047 0.3962500000000001 0.009453 0.0675
0.0 0.996016 0.39460900000000004 0.007969 0.097812
6.0 0.896699 0.37363300000000005 0.00752 0.136719
6.0 0.890908 0.39255850000000003 0.005801 0.153984
6.0 0.885029 0.4071490000000001 0.006934 0.241719
4.0 0.627773 0.524101 0.015605 0.199219
4.0 0.609819 0.5347075000000001 0.015693 0.140703
4.0 0.589238 0.4974415000000001 0.016094 0.143047
