7.0 0.43665 0.45894550000000006 0.005215 0.150313
4.0 0.437192 0.539629 0.00665 0.095547
4.0 0.764375 0.5561530000000001 0.009609 0.215234
0.0 0.015786 0.6883405000000001 0.031318 0.415547
0.0 0.061187 0.40410100000000004 0.019541 0.131406
6.0 0.279268 0.6983590000000001 0.01125 0.384375
0.0 0.046597 0.64873 0.033955 0.313516
0.0 0.508652 0.7039840000000002 0.02959 0.320937
0.0 0.522646 0.4197460000000001 0.010117 0.082578
0.0 0.50896 0.42425800000000014 0.012021 0.089062
6.0 0.964155 0.3343750000000001 0.004287 0.134531
4.0 0.868408 0.47189500000000006 0.014629 0.175078
4.0 0.853188 0.509746 0.01749 0.173984
4.0 0.815635 0.546718 0.012031 0.172969
