6.0 0.947368 0.30671950000000003 0.005518 0.174531
6.0 0.912739 0.49076200000000003 0.00915 0.356172
0.0 0.474756 0.5207035000000001 0.009531 0.118594
0.0 0.489438 0.49040950000000005 0.010439 0.118359
0.0 0.016636 0.685117 0.032705 0.419844
6.0 0.155928 0.5239840000000001 0.006719 0.243594
7.0 0.150674 0.5423830000000002 0.007246 0.247656
0.0 0.206621 0.29834050000000006 0.011484 0.062109
4.0 0.15188 0.6680080000000002 0.014404 0.158906
0.0 0.072109 0.33015700000000003 0.012422 0.066094
0.0 0.108267 0.34164100000000003 0.013408 0.068438
0.0 0.016582 0.30261700000000014 0.010039 0.092344
0.0 0.075142 0.34826200000000007 0.009658 0.060078
0.0 0.120723 0.7618165 0.067227 0.312891
2.0 0.581318 0.3404095000000001 0.110859 0.863203
0.0 0.506108 0.5998045000000002 0.018369 0.206719
