6.0 0.069048 0.3149800000000001 0.004053 0.095078
7.0 0.967144 0.3557620000000001 0.005166 0.144922
0.0 0.49376 0.7859575000000001 0.032676 0.272578
0.0 0.503027 0.6680665000000001 0.028711 0.190234
0.0 0.532637 0.461758 0.028105 0.197969
0.0 0.57709 0.509746 0.018867 0.123984
0.0 0.614321 0.4892965 0.020264 0.110313
0.0 0.640713 0.4800970000000001 0.016563 0.107422
0.0 0.119453 0.4091410000000001 0.022266 0.124531
0.0 0.061392 0.33625000000000005 0.009014 0.085938
0.0 0.126968 0.38886700000000013 0.0221 0.133594
7.0 0.003027 0.4796875 0.006055 0.231094
6.0 0.057939 0.32781250000000006 0.005098 0.117969
7.0 0.270713 0.3205465000000001 0.005 0.068438
7.0 0.395166 0.29289100000000007 0.006289 0.100156
6.0 0.507285 0.4665625000000001 0.00498 0.11
6.0 0.514404 0.46064500000000014 0.005293 0.108672
