0.0 0.068364 0.6231835000000001 0.033037 0.314922
6.0 0.009097 0.3714055000000001 0.01083 0.2525
0.0 0.166094 0.7755865 0.125234 0.299219
0.0 0.410962 0.8426755 0.071182 0.209766
0.0 0.473892 0.6089455 0.031279 0.328125
6.0 0.188794 0.6212500000000002 0.009502 0.426719
6.0 0.198354 0.6389455 0.010596 0.369219
0.0 0.485098 0.5573830000000002 0.021699 0.237969
6.0 0.009575 0.393379 0.012334 0.272891
6.0 0.445093 0.5303125000000001 0.006885 0.210625
6.0 0.450005 0.5154295000000001 0.007041 0.209844
