0.0 0.675293 0.5789455 0.020898 0.206719
7.0 0.178022 0.6555280000000001 0.017588 0.459297
6.0 0.697793 0.687637 0.012578 0.411797
6.0 0.689365 0.7029295000000001 0.011074 0.396094
6.0 0.768599 0.4370905000000001 0.004463 0.135547
0.0 0.011733 0.655468 0.023018 0.459375
2.0 0.036416 0.2722075 0.010391 0.091484
0.0 0.034521 0.4472260000000001 0.01625 0.153906
6.0 0.173779 0.342109 0.002949 0.07375
0.0 0.043721 0.6111130000000001 0.02084 0.296172
0.0 0.0802 0.6218365 0.072021 0.501875
0.0 0.575122 0.7615240000000001 0.05665 0.317969
7.0 0.700645 0.608593 0.015508 0.483594
4.0 0.697915 0.9218365000000002 0.022686 0.099531
7.0 0.644771 0.682129 0.0171 0.422734
6.0 0.771133 0.42906250000000007 0.004023 0.140625
