0.0 0.167319 0.44599600000000006 0.01792 0.089922
0.0 0.182656 0.42994150000000003 0.02082 0.098672
6.0 0.287739 0.49111300000000013 0.005596 0.151641
6.0 0.346221 0.4188085 0.007227 0.158047
6.0 0.35355 0.39560500000000004 0.006182 0.149297
6.0 0.436533 0.5347075000000001 0.004082 0.099609
6.0 0.448374 0.5099215000000001 0.004307 0.106563
6.0 0.034541 0.438379 0.005762 0.189141
6.0 0.028804 0.4272460000000001 0.006592 0.205859
6.0 0.022363 0.4506250000000001 0.006875 0.170312
6.0 0.074976 0.470254 0.007041 0.241641
