6.0 0.069048 0.3149800000000001 0.004053 0.095078
7.0 0.868457 0.75127 0.031836 0.331641
7.0 0.983325 0.364024 0.004912 0.147188
0.0 0.493779 0.8030079999999999 0.032285 0.248594
0.0 0.503027 0.6680665000000001 0.028711 0.190234
0.0 0.47606 0.513847 0.030361 0.299609
0.0 0.512788 0.5144335000000001 0.017393 0.113047
0.0 0.562314 0.4991995 0.022246 0.110234
0.0 0.613076 0.5010160000000001 0.018984 0.10875
0.0 0.21978 0.3428710000000001 0.01124 0.072578
0.0 0.061392 0.33625000000000005 0.009014 0.085938
0.0 0.126968 0.38886700000000013 0.0221 0.133594
6.0 0.055562 0.30261700000000014 0.003779 0.095625
7.0 0.377085 0.22609300000000002 0.005381 0.070781
6.0 0.524897 0.4847845 0.004971 0.108828
6.0 0.531997 0.4626955 0.005283 0.108594
