7.0 0.40396 0.524101 0.00667 0.218906
4.0 0.403169 0.6149800000000001 0.009463 0.123359
6.0 0.463149 0.442774 0.003936 0.115313
4.0 0.81061 0.551992 0.00958 0.211875
0.0 0.01561 0.6919720000000001 0.031221 0.410703
0.0 0.040117 0.3575785 0.015352 0.089844
6.0 0.211572 0.6826570000000001 0.009824 0.37625
0.0 0.035635 0.5508205000000002 0.027754 0.271094
0.0 0.50874 0.7388470000000001 0.032187 0.348203
0.0 0.521396 0.4191595000000001 0.010117 0.082578
0.0 0.507974 0.43820350000000013 0.013174 0.09875
6.0 0.966475 0.3176755 0.003652 0.119609
4.0 0.890679 0.4551955 0.019033 0.173125
4.0 0.87998 0.4789840000000001 0.014922 0.155937
4.0 0.852266 0.5081635 0.01168 0.160625
