0.0 0.041636 0.3475 0.010596 0.090156
0.0 0.066294 0.434863 0.020479 0.154609
0.0 0.191138 0.7755865 0.06665 0.299219
0.0 0.265176 0.4815625000000001 0.025488 0.143906
2.0 0.42666 0.44939500000000004 0.060684 0.354453
2.0 0.428799 0.435859 0.070352 0.359375
6.0 0.200723 0.5908405 0.006035 0.252422
6.0 0.201841 0.5867965000000002 0.005635 0.245
0.0 0.188066 0.399472 0.017852 0.110234
0.0 0.265713 0.422851 0.023398 0.117656
0.0 0.470806 0.47347600000000006 0.015947 0.127812
0.0 0.386094 0.6472075 0.048457 0.354766
6.0 0.359209 0.5404495000000001 0.005332 0.229922
6.0 0.550176 0.4077925000000001 0.003945 0.113984
0.0 0.007368 0.49181650000000005 0.01415 0.166328
0.0 0.508262 0.5652925000000001 0.01582 0.162109
6.0 0.068174 0.3463285000000001 0.003906 0.086719
