6.0 0.449087 0.509746 0.007373 0.203047
7.0 0.291914 0.611407 0.006641 0.317031
5.0 0.635767 0.3519535 0.008584 0.176406
5.0 0.628921 0.35875000000000007 0.005752 0.1775
0.0 0.66377 0.18513700000000002 0.011484 0.135078
4.0 0.605859 0.343222 0.014258 0.187109
4.0 0.593472 0.3036715 0.010322 0.156562
5.0 0.624858 0.31521550000000004 0.006143 0.175234
0.0 0.011865 0.35517550000000003 0.007773 0.068047
6.0 0.547627 0.6434575000000001 0.013887 0.472422
7.0 0.285698 0.6182035000000001 0.004775 0.330937
6.0 0.50876 0.4108405 0.004805 0.109141
6.0 0.516499 0.3992380000000001 0.005557 0.114922
4.0 0.283071 0.712246 0.022842 0.199766
