7.0 0.341255 0.6177925000000002 0.009658 0.322109
4.0 0.340981 0.7344535 0.017373 0.190937
6.0 0.454878 0.4571290000000001 0.004033 0.124922
0.0 0.990195 0.4781050000000001 0.015859 0.184453
4.0 0.841025 0.5164840000000002 0.009336 0.178125
0.0 0.016533 0.6971875000000001 0.033066 0.40375
0.0 0.022925 0.3544720000000001 0.014717 0.087109
6.0 0.160273 0.6238285 0.007598 0.317344
0.0 0.030928 0.5069920000000001 0.021152 0.223906
0.0 0.508843 0.7468165000000001 0.035068 0.337578
0.0 0.520986 0.4227925000000001 0.010117 0.082578
0.0 0.50688 0.4536715000000001 0.014463 0.109531
4.0 0.906807 0.43046950000000006 0.013203 0.146406
4.0 0.895718 0.45203050000000006 0.012842 0.134531
4.0 0.877432 0.4730080000000001 0.015 0.151563
