6.0 0.979268 0.28375 0.003652 0.087813
0.0 0.013701 0.3066010000000001 0.007168 0.083906
0.0 0.031479 0.3760345 0.023896 0.360078
0.0 0.381465 0.7805664999999999 0.084414 0.292578
0.0 0.474976 0.5844535000000001 0.015967 0.173906
0.0 0.484048 0.4725970000000001 0.009736 0.102578
0.0 0.006182 0.4875970000000001 0.012363 0.226016
7.0 0.075938 0.41306650000000006 0.005859 0.153359
4.0 0.075684 0.4737115 0.005977 0.097344
2.0 0.60897 0.332617 0.111943 0.8875
0.0 0.512432 0.5102740000000001 0.010605 0.142188
