0.0 0.47 0.579883 0.024473 0.260469
0.0 0.778115 0.28837900000000005 0.016777 0.156641
0.0 0.506147 0.5240425000000002 0.013057 0.143828
0.0 0.008066 0.49035100000000004 0.016133 0.264375
0.0 0.018057 0.3309760000000001 0.006465 0.079531
0.0 0.181914 0.4644535000000001 0.012715 0.136563
0.0 0.203525 0.6092380000000002 0.019492 0.195234
0.0 0.027935 0.4301755000000001 0.012881 0.161328
0.0 0.283066 0.9592195 0.050469 0.054375
0.0 0.228311 0.5475385 0.019941 0.262656
0.0 0.735332 0.40427800000000014 0.015625 0.128984
0.0 0.808765 0.44377 0.02749 0.208984
