6.0 0.948291 0.3048445000000001 0.005449 0.1725
6.0 0.915869 0.4780465000000001 0.009004 0.34625
0.0 0.473442 0.5315425 0.010283 0.127266
0.0 0.488955 0.495742 0.010527 0.122344
0.0 0.016206 0.6840625000000001 0.031865 0.42125
6.0 0.152886 0.514024 0.00667 0.24125
7.0 0.150356 0.5338870000000001 0.006807 0.238672
4.0 0.151826 0.664726 0.014102 0.160781
0.0 0.071582 0.3224215000000001 0.012422 0.066094
0.0 0.110581 0.338125 0.013408 0.068438
0.0 0.016357 0.2983990000000001 0.009746 0.090156
0.0 0.077285 0.345097 0.00998 0.060859
0.0 0.106519 0.7463470000000001 0.058545 0.338203
2.0 0.577217 0.3598045000000001 0.105215 0.839375
0.0 0.506157 0.5976370000000001 0.018232 0.205547
