6.0 0.435723 0.5781250000000001 0.00707 0.227188
6.0 0.442798 0.4996675 0.005869 0.170391
7.0 0.246772 0.617851 0.009053 0.3175
5.0 0.663667 0.36373000000000005 0.007256 0.211484
5.0 0.657993 0.3687115000000001 0.006357 0.201094
0.0 0.683882 0.16345750000000003 0.015264 0.161172
4.0 0.629258 0.3608590000000001 0.013457 0.213906
4.0 0.6125 0.30132850000000005 0.011152 0.177656
5.0 0.64937 0.3008005 0.008135 0.194609
0.0 0.008359 0.32101600000000013 0.006641 0.058906
6.0 0.581357 0.5991010000000001 0.016992 0.532656
7.0 0.238164 0.6228325 0.006875 0.337734
6.0 0.509634 0.42800800000000006 0.005049 0.120156
6.0 0.519111 0.41377000000000014 0.005332 0.123203
4.0 0.23897 0.720097 0.02667 0.217266
