0.0 0.04353 0.3557620000000001 0.011436 0.094609
0.0 0.070889 0.44746150000000007 0.021719 0.161406
0.0 0.222524 0.7810345000000001 0.069795 0.291953
0.0 0.271348 0.48408250000000014 0.025742 0.143203
2.0 0.432061 0.43890700000000005 0.055977 0.32
2.0 0.430044 0.4326955000000001 0.066748 0.347656
6.0 0.208271 0.600391 0.006035 0.2525
6.0 0.208862 0.5919535 0.005635 0.245
0.0 0.194395 0.4087885000000001 0.018477 0.111719
0.0 0.271455 0.4261330000000001 0.023398 0.117656
0.0 0.473384 0.45847600000000005 0.014932 0.1175
0.0 0.400874 0.6354295000000001 0.040225 0.340781
6.0 0.366299 0.5325385000000001 0.005254 0.223281
6.0 0.549302 0.4036330000000001 0.003877 0.113281
0.0 0.007427 0.49076200000000003 0.01415 0.166328
0.0 0.508364 0.5653510000000002 0.015791 0.162656
6.0 0.069414 0.34978450000000005 0.004004 0.088672
