0.0 0.463115 0.4727155 0.01416 0.142109
0.0 0.439341 0.5135545000000001 0.015205 0.142344
0.0 0.330381 0.7384375000000002 0.076191 0.336562
0.0 0.036279 0.36244150000000014 0.00625 0.061953
2.0 0.082056 0.3663670000000001 0.048037 0.301406
2.0 0.309282 0.47037100000000004 0.197256 0.618672
0.0 0.329678 0.7208590000000001 0.075801 0.299375
0.0 0.087222 0.5897845000000002 0.030068 0.239922
0.0 0.047295 0.37638700000000014 0.009766 0.117891
6.0 0.14501 0.5082220000000001 0.006465 0.219297
6.0 0.599106 0.4711915 0.006475 0.194141
0.0 0.007075 0.48285100000000003 0.01415 0.205937
0.0 0.505742 0.5626570000000001 0.01666 0.148594
