6.0 0.962485 0.28439500000000006 0.004268 0.124453
6.0 0.954033 0.36865300000000006 0.006992 0.211172
0.0 0.386299 0.8306635 0.052383 0.223594
0.0 0.459229 0.7445320000000001 0.03623 0.340625
0.0 0.490801 0.4376755000000001 0.01375 0.191172
0.0 0.011919 0.591367 0.023604 0.343906
6.0 0.098403 0.4363285 0.004893 0.173438
7.0 0.130415 0.5114455000000001 0.008486 0.246719
4.0 0.130044 0.6221290000000002 0.01208 0.150391
0.0 0.136855 0.3201955 0.010664 0.061094
0.0 0.013677 0.2671090000000001 0.006572 0.065312
0.0 0.104414 0.32476600000000005 0.012266 0.0675
0.0 0.034482 0.3744535 0.01207 0.099531
2.0 0.555791 0.46697200000000005 0.064199 0.708047
0.0 0.508594 0.5522845000000001 0.015859 0.188672
