6.0 0.962163 0.2587885 0.002588 0.098125
0.0 0.544634 0.4087300000000001 0.012334 0.105234
7.0 0.48021 0.36718750000000006 0.004541 0.05875
7.0 0.494312 0.39308650000000006 0.005869 0.088125
6.0 0.180894 0.599278 0.010557 0.377266
6.0 0.620923 0.745 0.010088 0.3375
6.0 0.598232 0.6160930000000001 0.008926 0.345938
6.0 0.623628 0.6451555000000001 0.009619 0.352812
6.0 0.636592 0.6670120000000002 0.009355 0.429453
0.0 0.388345 0.37164100000000005 0.014814 0.077187
0.0 0.019146 0.43919950000000013 0.02001 0.198984
6.0 0.329033 0.40908250000000007 0.005371 0.189922
7.0 0.429243 0.42326200000000014 0.008857 0.110078
0.0 0.526304 0.41699200000000003 0.017705 0.141406
6.0 0.349507 0.3264070000000001 0.004131 0.097969
0.0 0.254087 0.8523445 0.103096 0.196875
0.0 0.958755 0.616504 0.036006 0.338672
0.0 0.513486 0.7234375000000002 0.043145 0.36875
6.0 0.533257 0.38564500000000007 0.002939 0.103828
