7.0 0.070889 0.34873000000000004 0.006523 0.189609
1.0 0.61145 0.39332050000000013 0.015186 0.113594
0.0 0.983076 0.205 0.024277 0.23375
0.0 0.413408 0.7625200000000001 0.037793 0.316641
0.0 0.437383 0.6189055 0.018184 0.183438
6.0 0.603428 0.6886915 0.021914 0.415078
6.0 0.599697 0.47933650000000005 0.007168 0.233125
0.0 0.004556 0.28427800000000003 0.009111 0.153672
0.0 0.102119 0.6935545000000002 0.061563 0.392031
0.0 0.842251 0.680254 0.135244 0.426328
6.0 0.941289 0.19908250000000002 0.008164 0.235547
0.0 0.931235 0.6210160000000001 0.067217 0.505
7.0 0.955288 0.4230865000000001 0.013936 0.379844
0.0 0.987988 0.341113 0.024023 0.270234
0.0 0.456099 0.5096875000000001 0.015068 0.206094
0.0 0.466738 0.5308990000000001 0.013223 0.079375
0.0 0.469448 0.494629 0.012021 0.076953
