6.0 0.309731 0.695137 0.009404 0.406484
6.0 0.357983 0.7509759999999999 0.01333 0.327344
6.0 0.365771 0.747403 0.012793 0.322734
6.0 0.391094 0.6690625000000001 0.01168 0.258906
7.0 0.129102 0.4875970000000001 0.007461 0.219453
5.0 0.828579 0.31076200000000004 0.012041 0.237266
4.0 0.813975 0.34099600000000013 0.009453 0.259453
4.0 0.776504 0.2727925 0.008145 0.268984
6.0 0.911914 0.5552740000000002 0.017383 0.592969
7.0 0.121538 0.4885930000000001 0.007119 0.227031
6.0 0.527798 0.5621290000000001 0.009307 0.299453
6.0 0.537993 0.501133 0.00792 0.152031
4.0 0.123062 0.5405665000000001 0.017998 0.115703
