0.0 0.062227 0.3793165000000001 0.019102 0.111016
0.0 0.071519 0.3345505 0.019658 0.104922
6.0 0.213936 0.47113300000000014 0.005605 0.173125
6.0 0.249033 0.41377000000000014 0.006309 0.159922
6.0 0.254883 0.395488 0.005078 0.146328
6.0 0.321338 0.5647660000000001 0.004785 0.089687
6.0 0.330034 0.540625 0.004346 0.091875
6.0 0.893154 0.3431635 0.007852 0.263281
6.0 0.885654 0.3568750000000001 0.00752 0.258906
6.0 0.878545 0.3395905 0.006934 0.216484
6.0 0.97415 0.4817965 0.011016 0.455625
5.0 0.851797 0.5866210000000001 0.007773 0.284922
5.0 0.971567 0.6081835000000001 0.005635 0.320859
5.0 0.965513 0.6206635000000001 0.005498 0.324063
5.0 0.961455 0.6145705000000001 0.007285 0.324844
5.0 0.947607 0.5542780000000002 0.010449 0.294297
