0.0 0.592402 0.42601600000000006 0.023203 0.116875
0.0 0.016533 0.317734 0.014258 0.20875
0.0 0.063672 0.7073245000000001 0.049648 0.383984
0.0 0.440332 0.7756450000000001 0.04043 0.299141
0.0 0.472251 0.5403910000000002 0.016826 0.202969
0.0 0.494497 0.4565425000000001 0.009561 0.083984
0.0 0.482437 0.47089900000000007 0.009287 0.101719
0.0 0.005059 0.479746 0.010117 0.209922
7.0 0.064541 0.40052800000000005 0.005059 0.127891
4.0 0.065005 0.48238300000000006 0.005479 0.070625
2.0 0.691909 0.24302800000000005 0.187686 0.990703
0.0 0.510225 0.48736300000000005 0.009668 0.127109
