0.0 0.106128 0.22902400000000003 0.01792 0.09
0.0 0.114189 0.19140700000000005 0.019473 0.104688
5.0 0.910796 0.474355 0.00501 0.161328
6.0 0.24751 0.3508990000000001 0.005605 0.162656
6.0 0.288071 0.2985160000000001 0.006006 0.157656
6.0 0.293804 0.290722 0.006182 0.142109
6.0 0.362495 0.4959760000000001 0.004814 0.086719
6.0 0.372188 0.4800385000000001 0.004336 0.09125
6.0 0.950742 0.3708790000000001 0.006914 0.227578
6.0 0.942769 0.3433405000000001 0.007783 0.250547
6.0 0.935967 0.38242150000000014 0.007207 0.23125
6.0 0.012456 0.37761700000000004 0.009287 0.387344
5.0 0.916025 0.5409760000000001 0.007402 0.238906
5.0 0.996226 0.4791010000000001 0.006123 0.233594
