0.0 0.021201 0.7116595 0.041484 0.384453
6.0 0.212656 0.6505465000000001 0.007168 0.304375
7.0 0.138516 0.561895 0.007969 0.236172
0.0 0.154536 0.33396550000000014 0.013311 0.079922
4.0 0.138398 0.7135345000000002 0.007617 0.146641
0.0 0.074746 0.3690625 0.012422 0.066094
0.0 0.067173 0.4117180000000001 0.016182 0.078437
0.0 0.023823 0.3737500000000001 0.010928 0.106406
0.0 0.03396 0.5519335000000002 0.018584 0.241172
0.0 0.050601 0.411778 0.00999 0.087109
0.0 0.463765 0.544492 0.016357 0.148594
2.0 0.824365 0.24841750000000007 0.295801 0.997891
0.0 0.504863 0.724141 0.037441 0.326406
