0.0 0.042769 0.3439840000000001 0.008213 0.067812
0.0 0.156875 0.755371 0.048125 0.326172
0.0 0.39792 0.6548830000000001 0.039473 0.287656
0.0 0.463584 0.47734450000000006 0.012676 0.124531
0.0 0.367109 0.4640425000000001 0.019121 0.106641
2.0 0.450415 0.392383 0.01876 0.183594
6.0 0.339517 0.6121675000000001 0.006416 0.217578
6.0 0.330596 0.5979295 0.005332 0.200937
0.0 0.308096 0.44693350000000004 0.025039 0.119766
0.0 0.351758 0.440782 0.020215 0.095781
0.0 0.476157 0.4152925000000001 0.010068 0.094922
6.0 0.430581 0.46093750000000006 0.005322 0.124219
0.0 0.008491 0.4715425000000001 0.01417 0.166328
0.0 0.507812 0.5628325000000002 0.015371 0.169453
6.0 0.096519 0.409903 0.005557 0.130391
6.0 0.082778 0.3708790000000001 0.003584 0.092422
