6.0 0.080928 0.361504 0.005098 0.101641
0.0 0.493604 0.8007220000000002 0.035801 0.262266
0.0 0.501953 0.6511915 0.028516 0.189922
0.0 0.557813 0.44904250000000007 0.025273 0.174297
0.0 0.590898 0.5014840000000002 0.019941 0.104063
0.0 0.617183 0.4851955 0.018447 0.096719
0.0 0.640391 0.4816795 0.015762 0.102031
0.0 0.043569 0.3822460000000001 0.00917 0.065234
0.0 0.061392 0.33625000000000005 0.009014 0.085938
0.0 0.127124 0.3897460000000001 0.022178 0.133359
7.0 0.030605 0.4019335 0.00791 0.120859
6.0 0.07645 0.3678325000000001 0.005654 0.127266
7.0 0.317803 0.293242 0.006211 0.106094
7.0 0.44543 0.4448245 0.007012 0.168203
6.0 0.49001 0.46363300000000013 0.00498 0.109375
6.0 0.494907 0.4570705000000001 0.004111 0.102031
