6.0 0.125454 0.4979680000000001 0.011006 0.377187
6.0 0.192021 0.644746 0.00834 0.415859
6.0 0.200708 0.6450385000000001 0.013428 0.473281
6.0 0.235078 0.6697660000000001 0.009609 0.395
6.0 0.670332 0.5869135 0.024023 0.550781
6.0 0.603999 0.5559175000000002 0.01126 0.360547
6.0 0.217144 0.6670120000000002 0.011689 0.443984
6.0 0.242261 0.671641 0.008271 0.389219
6.0 0.245015 0.6804295000000001 0.010381 0.424219
6.0 0.265322 0.7305865 0.011543 0.356406
6.0 0.277524 0.6888670000000001 0.011689 0.414844
6.0 0.287783 0.6895120000000001 0.011387 0.386484
6.0 0.305278 0.7234375000000002 0.009971 0.313125
6.0 0.327861 0.7516795 0.013379 0.313906
6.0 0.343613 0.6707035 0.008672 0.439063
6.0 0.354829 0.6949030000000002 0.008877 0.406797
6.0 0.356206 0.6740425000000001 0.009854 0.434609
6.0 0.364043 0.6316210000000001 0.010352 0.351797
6.0 0.3779 0.5878510000000001 0.007012 0.286094
6.0 0.395952 0.6520705000000001 0.010908 0.327813
6.0 0.394219 0.6339655000000001 0.007695 0.233672
6.0 0.404961 0.6389455 0.011953 0.242344
6.0 0.412075 0.5765425000000001 0.010361 0.249766
6.0 0.418892 0.5908990000000001 0.007432 0.201562
6.0 0.423594 0.5991595000000001 0.005937 0.186016
6.0 0.559463 0.6085345000000001 0.010957 0.468672
6.0 0.566357 0.5653510000000002 0.01168 0.442031
6.0 0.539126 0.620488 0.009658 0.364922
6.0 0.94332 0.390097 0.007305 0.294609
