0.0 0.985361 0.30906250000000013 0.011445 0.117031
0.0 0.467832 0.5461330000000001 0.02 0.177187
0.0 0.487354 0.4007035000000001 0.007051 0.064062
2.0 0.01415 0.18472600000000003 0.006641 0.092969
2.0 0.022979 0.21748000000000006 0.01123 0.138984
0.0 0.014487 0.2937115 0.006846 0.068437
0.0 0.008281 0.25000000000000006 0.005684 0.035313
0.0 0.009097 0.6358990000000001 0.018193 0.313594
0.0 0.994106 0.5825785000000001 0.011787 0.307812
0.0 0.027983 0.4328125 0.016826 0.128594
0.0 0.568447 0.7016410000000001 0.052852 0.397813
0.0 0.50481 0.7508005 0.039795 0.332266
0.0 0.505825 0.4471675000000001 0.018643 0.104766
0.0 0.071953 0.7363870000000001 0.053359 0.351484
7.0 0.583984 0.26587900000000003 0.003867 0.088203
0.0 0.96269 0.5103325000000001 0.033096 0.372109
0.0 0.51499 0.3115825 0.005313 0.058047
0.0 0.521177 0.37562500000000004 0.009619 0.142813
0.0 0.376782 0.8650585000000002 0.0771 0.179922
