6.0 0.976055 0.36478450000000007 0.005918 0.232734
6.0 0.520957 0.4343365 0.006348 0.179531
6.0 0.112017 0.5871490000000001 0.007959 0.248906
6.0 0.099976 0.5266795000000001 0.010557 0.287344
6.0 0.12457 0.5972845000000001 0.010586 0.261328
6.0 0.958188 0.4839655000000001 0.010771 0.448984
6.0 0.921704 0.6124615000000001 0.01499 0.440156
6.0 0.947476 0.5000785 0.010713 0.444687
6.0 0.910991 0.6347845 0.017705 0.452578
6.0 0.935771 0.5720905000000001 0.016953 0.452422
6.0 0.888623 0.5507620000000001 0.016309 0.598984
6.0 0.860142 0.5393365000000001 0.017041 0.614219
6.0 0.889219 0.5564455 0.020391 0.591406
6.0 0.839897 0.5948245 0.022021 0.540234
6.0 0.802139 0.598516 0.020996 0.535313
6.0 0.744722 0.5891995000000001 0.021709 0.545234
6.0 0.699648 0.7273630000000001 0.021387 0.363516
6.0 0.653838 0.6851755 0.019219 0.416016
6.0 0.625381 0.5934175 0.015996 0.537109
6.0 0.607134 0.6571675000000001 0.01458 0.441953
6.0 0.584312 0.6446290000000001 0.012666 0.473828
6.0 0.582612 0.5809375 0.008525 0.473125
6.0 0.56708 0.5366995000000001 0.009844 0.458828
6.0 0.559282 0.5792380000000001 0.009561 0.450391
6.0 0.551182 0.5735545000000001 0.010586 0.401719
6.0 0.208984 0.654472 0.010605 0.460703
6.0 0.145024 0.663379 0.01083 0.386484
6.0 0.153882 0.6585745000000002 0.011182 0.418516
6.0 0.165991 0.6326170000000001 0.009424 0.399375
6.0 0.188232 0.627754 0.009277 0.438984
6.0 0.134731 0.6606835 0.012334 0.374297
6.0 0.183218 0.6977740000000001 0.012881 0.402969
