0.0 0.986416 0.23165950000000005 0.006016 0.057891
0.0 0.995869 0.2914840000000001 0.004648 0.080625
6.0 0.959219 0.26253850000000006 0.002598 0.110625
6.0 0.962178 0.2626555000000001 0.002578 0.109219
0.0 0.510361 0.3779695 0.007012 0.082031
7.0 0.413979 0.33384700000000006 0.003623 0.058828
7.0 0.348057 0.322657 0.005605 0.107969
6.0 0.530908 0.381895 0.003535 0.081641
6.0 0.276958 0.6743365000000001 0.010928 0.409688
6.0 0.743735 0.7549615000000001 0.012764 0.325
6.0 0.656025 0.6415825000000002 0.011309 0.438047
6.0 0.70811 0.7107805 0.012334 0.385625
6.0 0.753589 0.6797845 0.009893 0.424141
0.0 0.381157 0.3534760000000001 0.014814 0.077187
6.0 0.371816 0.4575970000000001 0.005371 0.191641
7.0 0.446211 0.421855 0.008848 0.110078
6.0 0.320312 0.3035545000000001 0.004141 0.097969
0.0 0.555952 0.7110745 0.036904 0.282578
0.0 0.513486 0.7234375000000002 0.043145 0.36875
6.0 0.536743 0.37837900000000013 0.002939 0.103828
