0.0 0.971826 0.4431250000000001 0.019629 0.114062
0.0 0.980225 0.4096675000000001 0.020215 0.119922
6.0 0.143086 0.49832050000000006 0.005605 0.184219
6.0 0.16772 0.40281250000000013 0.006729 0.17125
6.0 0.173872 0.38441350000000013 0.006533 0.171406
6.0 0.23833 0.4897075 0.004785 0.103828
6.0 0.245718 0.4924615000000001 0.004326 0.1225
6.0 0.757666 0.4785160000000001 0.00752 0.257812
6.0 0.750864 0.48162100000000013 0.006924 0.271328
6.0 0.743076 0.4884760000000001 0.008379 0.267969
6.0 0.828027 0.6360160000000001 0.020117 0.477187
5.0 0.69375 0.7000585 0.008984 0.259141
5.0 0.929053 0.7749999999999999 0.013164 0.3
5.0 0.708467 0.5894335 0.006582 0.209922
5.0 0.713535 0.5497075000000001 0.005957 0.174609
5.0 0.819224 0.8218749999999999 0.007139 0.2375
5.0 0.815195 0.8118549999999999 0.006172 0.250859
5.0 0.809165 0.8179495000000001 0.007432 0.242734
5.0 0.791812 0.7774614999999999 0.016182 0.296719
