0.0 0.484072 0.5008405000000001 0.013066 0.162266
0.0 0.751284 0.27794950000000007 0.013682 0.139609
0.0 0.506255 0.5272660000000001 0.013057 0.14625
0.0 0.008135 0.4916995 0.01627 0.266172
0.0 0.022969 0.38998 0.01168 0.126797
0.0 0.207378 0.49486300000000005 0.012705 0.137734
0.0 0.245303 0.6374215000000001 0.017988 0.21625
0.0 0.248452 0.4470505000000001 0.009834 0.132422
0.0 0.252817 0.2969920000000001 0.012295 0.068906
0.0 0.047485 0.6207220000000001 0.028271 0.290078
0.0 0.451362 0.7723045000000002 0.041006 0.303594
0.0 0.267222 0.5494720000000002 0.021377 0.265234
0.0 0.70498 0.415879 0.015625 0.128984
0.0 0.768262 0.4609960000000001 0.021406 0.208984
