6.0 0.956611 0.28808650000000013 0.004766 0.15375
6.0 0.940674 0.3959575 0.007715 0.256953
0.0 0.454502 0.6572845 0.019746 0.216953
0.0 0.482363 0.5612500000000001 0.014883 0.179531
0.0 0.013633 0.6426370000000001 0.026875 0.390391
6.0 0.121787 0.476347 0.005898 0.209141
7.0 0.144272 0.5403910000000002 0.007549 0.2675
4.0 0.143862 0.64375 0.013564 0.160938
0.0 0.069155 0.3107035 0.012412 0.066094
0.0 0.126597 0.31527400000000005 0.012646 0.068438
0.0 0.014756 0.2759575000000001 0.007812 0.075234
0.0 0.093799 0.3335545 0.01209 0.065312
0.0 0.048975 0.4560745000000001 0.021055 0.154141
2.0 0.560288 0.45595750000000007 0.076299 0.724922
0.0 0.507031 0.5757220000000001 0.016973 0.196328
