7.0 0.242002 0.4815625000000001 0.003691 0.07625
0.0 0.370889 0.4074415 0.018926 0.113203
0.0 0.517461 0.286153 0.015391 0.105703
0.0 0.404067 0.36167950000000004 0.026514 0.189375
0.0 0.423999 0.373984 0.017256 0.097813
0.0 0.476885 0.2913085 0.018945 0.132422
0.0 0.449297 0.332617 0.014043 0.094531
0.0 0.510737 0.280351 0.013252 0.075
6.0 0.311899 0.7598829999999999 0.005303 0.277969
0.0 0.501401 0.7954494999999999 0.058857 0.272734
0.0 0.480674 0.633262 0.025039 0.265234
0.0 0.016714 0.7007620000000001 0.033428 0.398984
6.0 0.218921 0.47687500000000005 0.002217 0.064531
0.0 0.988726 0.7003510000000001 0.022549 0.399531
