0.0 0.078403 0.3762700000000001 0.012061 0.073828
7.0 0.166289 0.5870905000000001 0.007188 0.261484
4.0 0.165439 0.6604495000000001 0.007246 0.146641
6.0 0.435713 0.5042380000000001 0.004238 0.144297
6.0 0.471499 0.4224415 0.003467 0.093984
6.0 0.463081 0.4485745000000001 0.003662 0.098828
6.0 0.461768 0.4662115 0.003867 0.115
6.0 0.545923 0.43099600000000005 0.004385 0.144453
6.0 0.541274 0.4406635000000001 0.004014 0.145781
6.0 0.53522 0.4211530000000001 0.003877 0.124141
0.0 0.934614 0.7417780000000002 0.063096 0.344297
4.0 0.872466 0.46322200000000013 0.012471 0.148672
0.0 0.019023 0.711133 0.038047 0.385156
0.0 0.004502 0.36308650000000003 0.00877 0.105
6.0 0.105747 0.5169535000000002 0.005518 0.220469
0.0 0.020742 0.3979495 0.014336 0.119922
0.0 0.509111 0.7684374999999999 0.042852 0.30875
0.0 0.520986 0.4380280000000001 0.010117 0.082578
0.0 0.505366 0.4964455000000001 0.016514 0.126719
4.0 0.920088 0.4001755000000001 0.011328 0.116172
4.0 0.914009 0.40703200000000006 0.010557 0.110781
4.0 0.899849 0.4196875000000001 0.012646 0.135
