0.0 0.490977 0.7825584999999999 0.032656 0.272891
0.0 0.494219 0.5498830000000001 0.024707 0.1875
0.0 0.544395 0.4371490000000001 0.023984 0.174375
0.0 0.575674 0.4751755 0.020605 0.091797
0.0 0.60144 0.4710745000000001 0.018115 0.094297
0.0 0.628247 0.4650385000000001 0.015713 0.082656
0.0 0.038335 0.3694135000000001 0.00917 0.065156
0.0 0.057354 0.3394135000000001 0.009023 0.085938
0.0 0.130933 0.40556650000000005 0.02542 0.129297
7.0 0.030576 0.4038085000000001 0.005059 0.091641
6.0 0.089644 0.3898045000000001 0.005654 0.151094
7.0 0.350171 0.2807035 0.007744 0.117812
7.0 0.49501 0.4472845 0.00707 0.146484
6.0 0.472446 0.4420705000000001 0.004971 0.101406
6.0 0.476646 0.429472 0.004111 0.095703
