6.0 0.118872 0.505117 0.011768 0.360156
6.0 0.189917 0.6458590000000001 0.013428 0.472187
6.0 0.225513 0.6647845 0.009189 0.395078
6.0 0.689302 0.5820505 0.024639 0.557266
6.0 0.610415 0.5395705000000001 0.01126 0.382188
6.0 0.207388 0.6680665000000001 0.011689 0.442578
6.0 0.231519 0.6675385000000001 0.008271 0.389219
6.0 0.235547 0.6818950000000001 0.010371 0.424141
6.0 0.254712 0.7285345 0.012061 0.356484
6.0 0.26728 0.6919720000000001 0.011689 0.410703
6.0 0.277944 0.6951955000000001 0.011396 0.385781
6.0 0.295781 0.7334575 0.00998 0.316484
6.0 0.318857 0.7534374999999999 0.013379 0.317344
6.0 0.335815 0.675274 0.009092 0.432969
6.0 0.346211 0.6957220000000001 0.009043 0.405703
6.0 0.348936 0.6779695000000001 0.01 0.429375
6.0 0.357422 0.6504880000000001 0.010352 0.363672
6.0 0.37335 0.5962300000000001 0.007012 0.291484
6.0 0.391919 0.6681250000000002 0.011475 0.340938
6.0 0.390503 0.647149 0.008486 0.23875
6.0 0.400664 0.6425200000000001 0.012168 0.248047
6.0 0.408179 0.5810545 0.010439 0.260156
6.0 0.415713 0.6090625000000001 0.007461 0.205469
6.0 0.41917 0.599395 0.006191 0.197422
6.0 0.562632 0.6373045 0.011221 0.483594
6.0 0.569556 0.6019135 0.012256 0.458906
6.0 0.540957 0.6025 0.010469 0.380156
6.0 0.945381 0.3961915000000001 0.007148 0.282109
