0.0 0.048594 0.357109 0.009844 0.075781
0.0 0.265654 0.7747660000000002 0.065098 0.300312
0.0 0.433345 0.5478910000000001 0.026709 0.226875
0.0 0.470996 0.4447075 0.010137 0.091797
0.0 0.38249 0.45244150000000005 0.01459 0.100391
2.0 0.454048 0.3907420000000001 0.015576 0.167969
6.0 0.359912 0.5761330000000001 0.00627 0.204219
6.0 0.351357 0.5657620000000001 0.00502 0.181953
0.0 0.329033 0.43451200000000006 0.023652 0.122422
0.0 0.367202 0.43509700000000007 0.021318 0.094766
0.0 0.008726 0.4672075 0.01417 0.166328
0.0 0.506602 0.5603710000000002 0.015371 0.169453
6.0 0.105269 0.421972 0.005635 0.147266
0.0 0.028027 0.3125785 0.007031 0.065
6.0 0.09167 0.3833005000000001 0.004258 0.108672
6.0 0.977769 0.3220705 0.003857 0.102187
