6.0 0.069048 0.3149800000000001 0.004053 0.095078
7.0 0.995845 0.4771090000000001 0.008311 0.348906
7.0 0.970376 0.35752 0.005166 0.147266
0.0 0.49377 0.7847845 0.032441 0.273359
0.0 0.503027 0.6680665000000001 0.028711 0.190234
0.0 0.528374 0.461758 0.027393 0.197969
0.0 0.572827 0.5078710000000001 0.018838 0.121328
0.0 0.612432 0.49140550000000005 0.020273 0.110312
0.0 0.640737 0.4796875 0.01665 0.10875
0.0 0.13063 0.4023430000000001 0.024951 0.124531
0.0 0.061392 0.33625000000000005 0.009014 0.085938
0.0 0.126968 0.38886700000000013 0.0221 0.133594
6.0 0.056641 0.326113 0.004941 0.114609
7.0 0.2671 0.32171950000000005 0.005 0.068438
7.0 0.39335 0.28591750000000005 0.006211 0.097578
6.0 0.508638 0.4680865000000001 0.004971 0.110156
6.0 0.515737 0.4615825000000001 0.005283 0.108672
