7.0 0.449858 0.436972 0.003877 0.130391
4.0 0.449326 0.4887115 0.005332 0.070625
4.0 0.73481 0.5561530000000001 0.009619 0.215234
0.0 0.017002 0.6874030000000001 0.033359 0.416797
0.0 0.039917 0.46433650000000004 0.022158 0.151094
0.0 0.077944 0.4162885000000001 0.019697 0.140469
6.0 0.317524 0.6806635 0.008096 0.363281
0.0 0.057749 0.7269535 0.039189 0.364062
0.0 0.508604 0.680137 0.028164 0.299922
0.0 0.52334 0.42009700000000005 0.010117 0.082578
0.0 0.509507 0.4165825000000001 0.011377 0.083672
6.0 0.962866 0.34375000000000006 0.004639 0.142813
4.0 0.850215 0.5042380000000001 0.015137 0.192891
4.0 0.833652 0.5344135000000001 0.01291 0.18125
4.0 0.793135 0.5640040000000001 0.012305 0.178516
