7.0 0.656152 0.5072845 0.038613 0.650078
6.0 0.528169 0.4510930000000001 0.006748 0.208438
0.0 0.051641 0.6983590000000001 0.035898 0.358438
0.0 0.439312 0.533008 0.064736 0.622656
0.0 0.479258 0.533653 0.021855 0.255547
0.0 0.487905 0.4644535000000001 0.017881 0.164219
6.0 0.089966 0.503125 0.008545 0.286719
6.0 0.105547 0.524101 0.011211 0.291406
0.0 0.024771 0.3945505 0.01335 0.217734
0.0 0.033428 0.431758 0.027148 0.261562
6.0 0.063823 0.41957050000000007 0.005342 0.182344
6.0 0.059849 0.42156250000000006 0.006963 0.19375
