0.0 0.938638 0.6739255000000001 0.054951 0.434766
0.0 0.645732 0.5251570000000001 0.010293 0.121094
6.0 0.285913 0.45150400000000007 0.009424 0.189766
4.0 0.285576 0.7025785 0.013145 0.149687
6.0 0.84957 0.612403 0.00998 0.425547
6.0 0.838345 0.6234175000000001 0.007451 0.400547
0.0 0.898047 0.4485160000000001 0.014219 0.152344
6.0 0.6871 0.46222600000000014 0.004082 0.152969
0.0 0.623711 0.7203325000000002 0.030977 0.311016
7.0 0.802534 0.5474215000000001 0.011377 0.420156
4.0 0.791001 0.8842194999999999 0.012998 0.154375
7.0 0.80916 0.6525970000000001 0.025352 0.463203
6.0 0.695874 0.47986300000000004 0.004443 0.157578
