0.0 0.438721 0.8055280000000001 0.050488 0.253203
7.0 0.47478 0.440254 0.004111 0.091641
4.0 0.474858 0.4936915 0.003936 0.081641
6.0 0.222983 0.4804495000000001 0.006162 0.140078
6.0 0.313428 0.38066350000000004 0.007227 0.169844
6.0 0.320781 0.3619135000000001 0.006582 0.173281
6.0 0.445234 0.5541010000000001 0.004082 0.132812
6.0 0.462148 0.4790425000000001 0.005195 0.125859
6.0 0.04623 0.43890700000000005 0.005586 0.134062
6.0 0.042393 0.41851600000000005 0.003535 0.15
6.0 0.038784 0.428476 0.004912 0.143906
