6.0 0.637314 0.396484 0.004551 0.14375
7.0 0.36146 0.7417195000000001 0.012822 0.331406
0.0 0.43123 0.5651755 0.020547 0.109297
7.0 0.217368 0.5950000000000001 0.012139 0.330781
6.0 0.227031 0.5316595000000001 0.00584 0.224766
6.0 0.234448 0.6826570000000001 0.008994 0.390156
6.0 0.241846 0.6879880000000002 0.007695 0.371641
6.0 0.256465 0.6609175 0.00918 0.350547
6.0 0.351421 0.70252 0.009717 0.394609
0.0 0.44563 0.5016010000000002 0.018174 0.089844
0.0 0.443604 0.5133790000000001 0.018125 0.071172
0.0 0.436582 0.533008 0.021875 0.119844
