0.0 0.982231 0.3250585 0.012764 0.153516
0.0 0.95647 0.5997460000000001 0.037646 0.370078
0.0 0.93665 0.47189500000000006 0.025645 0.236953
0.0 0.160415 0.878887 0.075635 0.161484
0.0 0.461953 0.6094135 0.024863 0.222656
0.0 0.483872 0.40861300000000006 0.008643 0.094609
2.0 0.008125 0.17898400000000003 0.005586 0.063594
2.0 0.013267 0.18654250000000006 0.005928 0.088516
0.0 0.008032 0.2359375 0.004053 0.039844
0.0 0.00377 0.2132035 0.003789 0.025938
0.0 0.012563 0.7196290000000001 0.025127 0.373828
0.0 0.991602 0.6988285000000001 0.016797 0.401563
0.0 0.013755 0.289258 0.007549 0.050625
0.0 0.519746 0.3918550000000001 0.009824 0.107734
0.0 0.50481 0.7508005 0.039795 0.332266
0.0 0.505825 0.4471675000000001 0.018643 0.104766
0.0 0.021333 0.352012 0.010908 0.099922
0.0 0.546919 0.6031450000000002 0.034932 0.431172
0.0 0.033081 0.4526755000000001 0.017334 0.171953
