0.0 0.522153 0.24923800000000002 0.013115 0.085391
6.0 0.265376 0.7955665 0.009014 0.182734
0.0 0.501401 0.7954494999999999 0.058857 0.272734
0.0 0.480674 0.633262 0.025039 0.265234
0.0 0.387715 0.3974215 0.017344 0.099375
0.0 0.452739 0.344218 0.014502 0.094375
0.0 0.016377 0.7007620000000001 0.032754 0.398984
6.0 0.228892 0.48238300000000006 0.002334 0.076562
6.0 0.237446 0.484141 0.001963 0.069531
0.0 0.49394 0.27648400000000006 0.015244 0.103281
6.0 0.115571 0.3303910000000001 0.002354 0.064844
0.0 0.988726 0.7003510000000001 0.022549 0.399531
