6.0 0.086079 0.44253850000000006 0.008311 0.272969
6.0 0.140142 0.603496 0.011689 0.425391
6.0 0.171548 0.6399415 0.007939 0.395078
6.0 0.825342 0.5564455 0.023516 0.591406
6.0 0.65627 0.55 0.01209 0.505938
6.0 0.156895 0.620371 0.010527 0.427891
6.0 0.168301 0.6850585000000001 0.010371 0.419922
6.0 0.195015 0.7015825 0.011006 0.356484
6.0 0.201831 0.7054495000000002 0.011689 0.392734
6.0 0.178564 0.6944335000000001 0.00793 0.394766
6.0 0.219893 0.7033990000000001 0.011387 0.390781
6.0 0.236011 0.7437700000000002 0.009971 0.333203
6.0 0.260049 0.7401955000000001 0.013379 0.31
6.0 0.277822 0.6983005000000001 0.009941 0.402266
6.0 0.294502 0.7007035 0.010078 0.399062
6.0 0.292915 0.6937300000000001 0.010283 0.408359
6.0 0.309795 0.706621 0.010352 0.385547
6.0 0.330352 0.6387115 0.009512 0.3525
6.0 0.353379 0.6928510000000001 0.013008 0.35875
6.0 0.358711 0.7349215000000001 0.009453 0.269687
6.0 0.372407 0.7045120000000001 0.013428 0.282109
6.0 0.377817 0.6408790000000001 0.010557 0.325703
6.0 0.386245 0.6721675 0.008564 0.266797
6.0 0.393501 0.6587500000000001 0.007725 0.264375
6.0 0.596724 0.5858590000000001 0.014561 0.552188
6.0 0.607886 0.5646490000000001 0.015869 0.568281
6.0 0.578652 0.6495505000000001 0.011016 0.442266
6.0 0.558984 0.6147460000000001 0.015313 0.471328
6.0 0.404502 0.562891 0.008379 0.266406
6.0 0.955645 0.38787100000000013 0.005977 0.230547
