0.0 0.476362 0.5301955 0.017861 0.211875
0.0 0.767378 0.2842195 0.015537 0.149844
0.0 0.506191 0.5253325000000001 0.013066 0.144766
0.0 0.008096 0.49087900000000007 0.016191 0.265078
0.0 0.019629 0.356524 0.008984 0.090781
0.0 0.191719 0.4727155 0.012715 0.137734
0.0 0.220239 0.620488 0.018896 0.203672
0.0 0.235059 0.4408405 0.008984 0.137734
0.0 0.03397 0.49527400000000005 0.015459 0.197969
0.0 0.402061 0.8553324999999999 0.069707 0.186328
0.0 0.243872 0.5483005000000001 0.020518 0.263672
0.0 0.723193 0.408907 0.015625 0.129062
0.0 0.792563 0.4506835000000001 0.025049 0.208984
