2.0 0.023979 0.2277925 0.009385 0.136484
2.0 0.052305 0.2727925 0.036289 0.256953
0.0 0.044946 0.541621 0.023193 0.200703
0.0 0.020557 0.3703510000000001 0.010215 0.079375
0.0 0.005229 0.4655080000000001 0.010459 0.143906
0.0 0.997407 0.4294135 0.005186 0.184375
0.0 0.369536 0.8754295 0.059307 0.155312
0.0 0.969707 0.4964455000000001 0.02252 0.276875
0.0 0.50481 0.7508005 0.039795 0.332266
0.0 0.505825 0.4471675000000001 0.018643 0.104766
0.0 0.468652 0.5662885000000001 0.020898 0.167031
7.0 0.593164 0.21806650000000002 0.004238 0.073203
7.0 0.581621 0.2723245 0.005098 0.097578
7.0 0.611021 0.40005850000000004 0.007744 0.189922
0.0 0.985723 0.3329095000000001 0.010586 0.117422
0.0 0.523164 0.42601600000000006 0.010508 0.140312
0.0 0.587559 0.6430465000000001 0.07918 0.475938
0.0 0.480928 0.43550800000000006 0.01123 0.099219
