0.0 0.023618 0.3812500000000001 0.012666 0.123437
0.0 0.507422 0.5381635 0.02543 0.231875
0.0 0.508301 0.7574215000000002 0.042637 0.31125
0.0 0.40002 0.390391 0.013652 0.084688
2.0 0.029751 0.23335900000000004 0.023389 0.218906
0.0 0.132935 0.6592195000000001 0.121045 0.454375
1.0 0.479443 0.27988300000000005 0.026934 0.330313
0.0 0.015444 0.6889255000000001 0.030889 0.414609
6.0 0.51416 0.3098830000000001 0.003906 0.086563
6.0 0.524214 0.3084760000000001 0.004346 0.090469
2.0 0.016533 0.20998000000000006 0.014668 0.148359
