7.0 0.376133 0.562597 0.007012 0.252734
4.0 0.376831 0.6811915000000001 0.013857 0.154609
6.0 0.459014 0.44992150000000003 0.003984 0.120156
0.0 0.994229 0.46433650000000004 0.010371 0.135625
4.0 0.829146 0.5311915 0.009463 0.194922
0.0 0.016069 0.6945505000000002 0.032139 0.407266
0.0 0.031343 0.3534760000000001 0.014678 0.085
6.0 0.182837 0.662149 0.008154 0.348906
0.0 0.032744 0.5289055000000001 0.023379 0.2475
0.0 0.508789 0.7428325000000001 0.033633 0.342891
0.0 0.520986 0.41998 0.010117 0.082578
0.0 0.507427 0.445879 0.013818 0.104141
4.0 0.900298 0.439375 0.015029 0.156406
4.0 0.887847 0.4655080000000001 0.013877 0.145312
4.0 0.868364 0.4880080000000001 0.015439 0.154531
