0.0 0.991895 0.32259700000000013 0.015059 0.168828
6.0 0.460747 0.684121 0.018232 0.421172
7.0 0.607158 0.286855 0.006504 0.138359
6.0 0.591392 0.4410160000000001 0.008975 0.275
0.0 0.002026 0.4830280000000001 0.004053 0.211953
0.0 0.0054 0.4145905000000001 0.010801 0.145703
0.0 0.446079 0.5980465 0.027119 0.269687
0.0 0.806704 0.7202155000000001 0.141162 0.373047
6.0 0.909854 0.41951200000000005 0.012773 0.440547
0.0 0.923018 0.6855280000000001 0.071699 0.417734
7.0 0.959409 0.455782 0.010439 0.286406
0.0 0.990361 0.43445350000000005 0.019277 0.309688
0.0 0.458853 0.392383 0.015068 0.178281
0.0 0.470747 0.4141795000000001 0.013232 0.079375
0.0 0.472803 0.4216210000000001 0.012031 0.076953
