7.0 0.473994 0.450742 0.003867 0.118281
4.0 0.47415 0.514843 0.004219 0.076562
0.0 0.017729 0.6715240000000001 0.035459 0.437969
2.0 0.059502 0.3259960000000001 0.018555 0.180234
0.0 0.062173 0.651367 0.029189 0.292812
0.0 0.106172 0.7609959999999999 0.080586 0.318672
6.0 0.204902 0.38787100000000013 0.003496 0.092578
0.0 0.335151 0.8657035000000001 0.092979 0.179063
0.0 0.433252 0.6773245000000001 0.063965 0.430234
0.0 0.504219 0.7448245000000001 0.034844 0.340234
7.0 0.563208 0.5372260000000001 0.006748 0.268594
4.0 0.56519 0.623476 0.015068 0.142188
7.0 0.549043 0.5052340000000001 0.006328 0.206562
6.0 0.700415 0.4311715000000001 0.002979 0.093594
