0.0 0.485718 0.4042180000000001 0.01335 0.089531
0.0 0.012256 0.2792965 0.00752 0.078125
0.0 0.507202 0.5281450000000001 0.024385 0.218672
0.0 0.507695 0.7574215000000002 0.042637 0.31125
0.0 0.399634 0.3979495 0.014697 0.090547
2.0 0.019751 0.20482450000000002 0.013838 0.154922
0.0 0.02541 0.3478510000000001 0.019062 0.179687
1.0 0.373252 0.25000000000000006 0.191035 1.0
0.0 0.015127 0.6874030000000001 0.030254 0.414609
6.0 0.509136 0.30736300000000005 0.003701 0.086641
6.0 0.515137 0.31035100000000004 0.004355 0.090469
2.0 0.012842 0.19914100000000004 0.01123 0.148281
