6.0 0.208452 0.575605 0.012041 0.473672
6.0 0.273325 0.6664255000000001 0.009404 0.418203
6.0 0.290947 0.6416410000000001 0.014277 0.477812
6.0 0.314038 0.6665425000000001 0.010029 0.403516
6.0 0.589453 0.6294535000000001 0.017852 0.494062
6.0 0.576709 0.484726 0.010566 0.261094
6.0 0.300986 0.6505465000000001 0.009551 0.465938
6.0 0.326636 0.6469135 0.008271 0.353125
6.0 0.32749 0.676153 0.010371 0.431797
6.0 0.340649 0.6513085000000001 0.008662 0.391484
6.0 0.354897 0.6524800000000001 0.010557 0.417109
6.0 0.368843 0.643399 0.009971 0.286406
6.0 0.382197 0.6495505000000001 0.012754 0.274297
6.0 0.394863 0.5941210000000001 0.007422 0.345703
6.0 0.405283 0.588379 0.008164 0.316641
6.0 0.427729 0.5413870000000002 0.00667 0.231172
6.0 0.422822 0.5281450000000001 0.008477 0.190078
6.0 0.545596 0.5185930000000002 0.008887 0.349219
6.0 0.551851 0.5043550000000001 0.008193 0.310703
6.0 0.914893 0.5969920000000001 0.014395 0.456094
