6.0 0.964497 0.2844535000000001 0.004092 0.111875
6.0 0.959043 0.35839900000000013 0.006719 0.193906
0.0 0.313101 0.8929495000000002 0.060381 0.142734
0.0 0.435396 0.7728909999999999 0.057119 0.302813
0.0 0.488384 0.4513285 0.016221 0.225938
0.0 0.011274 0.5722075000000001 0.022373 0.326484
6.0 0.090337 0.413887 0.004521 0.159922
7.0 0.123892 0.509746 0.008311 0.231797
4.0 0.123848 0.6241795000000001 0.011523 0.117969
0.0 0.140713 0.31310500000000013 0.01209 0.061172
0.0 0.013271 0.2638285 0.006113 0.061563
0.0 0.108491 0.31878850000000003 0.011572 0.060312
0.0 0.03062 0.3528910000000001 0.010068 0.079375
2.0 0.556533 0.46199200000000007 0.064512 0.713906
0.0 0.50918 0.543496 0.015449 0.185859
