0.0 0.124248 0.2895505000000001 0.01791 0.089922
0.0 0.134185 0.26939500000000005 0.01874 0.095859
6.0 0.262461 0.392383 0.005605 0.157344
6.0 0.306211 0.3778510000000001 0.005723 0.155312
6.0 0.311821 0.34474600000000005 0.006182 0.142109
6.0 0.382822 0.5158405000000001 0.004824 0.094297
6.0 0.392725 0.5108005000000001 0.004336 0.103359
6.0 0.976255 0.3720505 0.006865 0.211797
6.0 0.969575 0.3635545 0.007119 0.249375
6.0 0.962246 0.37292950000000014 0.006934 0.190781
6.0 0.032813 0.418867 0.008594 0.351562
5.0 0.944863 0.5224030000000002 0.006914 0.199297
