7.0 0.262559 0.49328200000000005 0.004395 0.095938
0.0 0.430093 0.3544720000000001 0.017568 0.115234
0.0 0.524302 0.2951755 0.012412 0.086641
0.0 0.404785 0.4084375 0.021504 0.132344
0.0 0.362046 0.4074415 0.009482 0.083047
0.0 0.472075 0.32171950000000005 0.016475 0.091562
6.0 0.281562 0.756367 0.008418 0.293906
0.0 0.501401 0.7954494999999999 0.058857 0.272734
0.0 0.480674 0.633262 0.025039 0.265234
0.0 0.337319 0.4227340000000001 0.010596 0.066094
0.0 0.016748 0.7007620000000001 0.033496 0.398984
6.0 0.221978 0.47927800000000004 0.002217 0.071172
6.0 0.230024 0.48296800000000006 0.001963 0.069531
0.0 0.372451 0.402988 0.016484 0.120703
0.0 0.988726 0.7003510000000001 0.022549 0.399531
