6.0 0.334409 0.6950200000000002 0.009697 0.406641
6.0 0.371318 0.7363285000000002 0.013809 0.314062
6.0 0.377236 0.7159960000000002 0.012617 0.300859
6.0 0.399687 0.6419335 0.01123 0.251797
7.0 0.136875 0.4954495000000001 0.007637 0.233047
5.0 0.812373 0.315625 0.012813 0.24375
0.0 0.762041 0.10896549999999999 0.012559 0.147422
4.0 0.795552 0.3530665 0.00874 0.268984
4.0 0.755088 0.2959960000000001 0.007441 0.261016
6.0 0.89354 0.5306635000000001 0.019561 0.625781
7.0 0.128535 0.500137 0.008359 0.239297
6.0 0.524697 0.5412115000000001 0.008555 0.272344
6.0 0.534932 0.49632850000000006 0.007871 0.150781
4.0 0.131738 0.5583790000000002 0.018848 0.127578
