0.0 0.974077 0.3032035 0.008799 0.085313
0.0 0.939692 0.487246 0.012783 0.178984
0.0 0.876016 0.6391210000000002 0.113223 0.481172
0.0 0.540488 0.6062500000000002 0.030293 0.308906
0.0 0.555854 0.4895305000000001 0.01708 0.215313
0.0 0.028369 0.3988285 0.01377 0.123281
0.0 0.092598 0.7799215 0.062656 0.293438
0.0 0.44042 0.7599999999999999 0.040547 0.311719
0.0 0.003545 0.211093 0.003027 0.027344
0.0 0.012695 0.7203910000000001 0.025391 0.372812
0.0 0.991602 0.6988285000000001 0.016797 0.401563
0.0 0.007417 0.23734450000000007 0.003936 0.035
0.0 0.50481 0.7508005 0.039795 0.332266
0.0 0.505825 0.4471675000000001 0.018643 0.104766
0.0 0.011528 0.26500000000000007 0.005283 0.053281
0.0 0.515879 0.341524 0.009102 0.100156
0.0 0.016504 0.30742150000000007 0.007617 0.06875
