0.0 0.020098 0.670645 0.038789 0.439141
2.0 0.066523 0.36308650000000003 0.020352 0.241406
0.0 0.075723 0.7264255000000002 0.039766 0.364766
0.0 0.147798 0.794218 0.108115 0.274375
6.0 0.208481 0.38183650000000013 0.003584 0.097656
0.0 0.382324 0.8154880000000001 0.082227 0.246016
0.0 0.448223 0.6748630000000001 0.047617 0.433516
0.0 0.502607 0.7431835000000001 0.035957 0.342422
7.0 0.557617 0.5293750000000002 0.006504 0.254062
4.0 0.558135 0.6006835000000001 0.014082 0.133672
7.0 0.544063 0.4672075 0.005879 0.152109
6.0 0.689082 0.4341595000000001 0.003086 0.088203
