6.0 0.069048 0.3149800000000001 0.004053 0.095078
7.0 0.954375 0.6705280000000001 0.016895 0.418516
7.0 0.981118 0.36859450000000005 0.005439 0.147188
7.0 0.975986 0.34134700000000007 0.004629 0.151172
0.0 0.493779 0.7958005 0.032285 0.258203
0.0 0.503027 0.6680665000000001 0.028711 0.190234
0.0 0.494507 0.48888700000000007 0.028174 0.254453
0.0 0.532798 0.5082805 0.020518 0.10875
0.0 0.582876 0.5100970000000001 0.020264 0.110234
0.0 0.628379 0.48642550000000007 0.01748 0.116953
0.0 0.19644 0.3595705 0.013584 0.09375
0.0 0.061392 0.33625000000000005 0.009014 0.085938
0.0 0.126968 0.38886700000000013 0.0221 0.133594
6.0 0.054492 0.30683650000000007 0.003828 0.096406
7.0 0.382231 0.24437500000000006 0.005674 0.080312
6.0 0.517686 0.4782805 0.00498 0.111875
6.0 0.525024 0.46644550000000007 0.005283 0.108594
