0.0 0.960386 0.7123045000000001 0.038662 0.383594
0.0 0.685132 0.5232805 0.009033 0.152812
6.0 0.40311 0.37667950000000006 0.00665 0.115781
4.0 0.402891 0.5483005000000001 0.005898 0.111172
6.0 0.853213 0.694609 0.014785 0.407188
6.0 0.839673 0.6968365000000001 0.008643 0.404219
0.0 0.990068 0.6228325 0.019863 0.355078
6.0 0.734165 0.4577155 0.004033 0.138828
0.0 0.005991 0.6298630000000001 0.011982 0.425547
0.0 0.635996 0.7319335000000001 0.043438 0.343984
7.0 0.786162 0.6350785000000001 0.015625 0.486563
4.0 0.788042 0.9015625 0.01999 0.13125
7.0 0.758452 0.6776755 0.026143 0.429766
6.0 0.740386 0.4646290000000001 0.004443 0.136172
