6.0 0.608193 0.34679650000000006 0.004551 0.14375
0.0 0.612554 0.45414100000000013 0.022021 0.207656
7.0 0.181646 0.6772075000000001 0.01542 0.409766
0.0 0.34752 0.41910100000000006 0.023594 0.133594
7.0 0.111504 0.4311715000000001 0.00584 0.1975
6.0 0.117686 0.4695505000000001 0.00584 0.224766
6.0 0.093838 0.6281050000000001 0.007969 0.389609
6.0 0.101533 0.6141010000000001 0.007695 0.373125
6.0 0.126533 0.538105 0.008418 0.327578
6.0 0.181035 0.5258590000000001 0.009707 0.365781
0.0 0.372715 0.3374800000000001 0.019258 0.088359
0.0 0.370088 0.35869150000000005 0.018125 0.086172
0.0 0.360352 0.378496 0.023301 0.141172
