7.0 0.473115 0.4539655000000001 0.003926 0.120703
4.0 0.473223 0.5184760000000002 0.004102 0.078281
0.0 0.017451 0.6715825000000002 0.034902 0.437891
2.0 0.058848 0.3254095000000001 0.018379 0.178203
0.0 0.060991 0.6446290000000001 0.028291 0.286172
0.0 0.103013 0.7576554999999999 0.077451 0.323125
6.0 0.204551 0.3887500000000001 0.003496 0.0925
0.0 0.327148 0.8713870000000001 0.09375 0.171484
0.0 0.430688 0.6778510000000001 0.06626 0.429531
0.0 0.504355 0.7449415 0.034746 0.340078
7.0 0.56418 0.5373445000000001 0.006777 0.269687
4.0 0.566011 0.6259960000000001 0.015264 0.141797
7.0 0.549819 0.5085745 0.006514 0.212734
6.0 0.701401 0.4311715000000001 0.002959 0.094063
