7.0 0.578521 0.600391 0.019189 0.532813
6.0 0.525654 0.4416010000000001 0.006113 0.175781
0.0 0.061582 0.7249030000000002 0.04832 0.366797
0.0 0.362046 0.9450384999999999 0.070439 0.073281
0.0 0.454346 0.5593750000000002 0.047559 0.5875
0.0 0.481475 0.5064055000000001 0.019551 0.226562
6.0 0.100908 0.5321290000000001 0.010098 0.325391
6.0 0.12376 0.5588470000000001 0.012656 0.330078
0.0 0.026602 0.4040425 0.015449 0.221953
0.0 0.03832 0.47212900000000013 0.031133 0.306641
6.0 0.069497 0.42296950000000005 0.005342 0.187031
6.0 0.065894 0.4345705000000001 0.006963 0.201875
