0.0 0.985801 0.3051955 0.011113 0.112656
0.0 0.469155 0.5357035000000001 0.019209 0.170156
0.0 0.487793 0.39566350000000006 0.006719 0.060937
2.0 0.014395 0.18496150000000006 0.00668 0.094062
2.0 0.02354 0.2197075 0.011592 0.142109
0.0 0.014883 0.2980465000000001 0.00707 0.070469
0.0 0.008457 0.2515825000000001 0.005762 0.035703
0.0 0.008965 0.6286915000000002 0.01793 0.306016
0.0 0.994219 0.5773045000000001 0.011563 0.303594
0.0 0.029336 0.4451170000000001 0.017793 0.134375
0.0 0.575815 0.7059175000000001 0.060283 0.392109
0.0 0.50481 0.7508005 0.039795 0.332266
0.0 0.505825 0.4471675000000001 0.018643 0.104766
0.0 0.08084 0.752149 0.057461 0.330469
7.0 0.582603 0.2720905000000001 0.004072 0.089297
0.0 0.9652 0.488242 0.029873 0.347813
0.0 0.515117 0.3136915 0.005566 0.060859
0.0 0.521777 0.3804295 0.01 0.15
0.0 0.390229 0.8407419999999999 0.067373 0.212344
