6.0 0.067676 0.42548800000000003 0.008086 0.220078
6.0 0.096484 0.5062885 0.008203 0.336406
6.0 0.920591 0.5384575 0.019463 0.508828
6.0 0.762085 0.5681050000000001 0.017021 0.575859
6.0 0.511958 0.4070905000000001 0.005283 0.137578
6.0 0.10918 0.5931835000000001 0.010371 0.311172
6.0 0.136797 0.6265240000000001 0.006602 0.33
6.0 0.1379 0.6153325000000001 0.007539 0.343047
6.0 0.123579 0.5811130000000001 0.007939 0.323359
6.0 0.149883 0.6169135 0.010703 0.340469
6.0 0.16353 0.7028125000000001 0.009482 0.324531
6.0 0.181572 0.712129 0.012871 0.315078
6.0 0.189946 0.7046290000000001 0.009951 0.393828
6.0 0.213242 0.7042780000000001 0.011953 0.394297
6.0 0.197573 0.6715240000000001 0.010283 0.432031
6.0 0.228008 0.7124215000000002 0.010352 0.383437
6.0 0.252617 0.6728125 0.009551 0.410781
6.0 0.274033 0.7256635 0.01502 0.365781
6.0 0.287485 0.762403 0.01415 0.313672
6.0 0.309565 0.7559575000000001 0.011787 0.284922
6.0 0.308086 0.7161715000000001 0.010566 0.336875
6.0 0.333315 0.7492780000000001 0.010615 0.304453
6.0 0.347212 0.7383205000000002 0.011846 0.315937
6.0 0.361772 0.6825970000000001 0.005361 0.345547
6.0 0.755947 0.5142580000000001 0.020117 0.641406
6.0 0.746074 0.47177800000000003 0.018184 0.704297
6.0 0.717822 0.4931050000000001 0.024707 0.675859
6.0 0.681602 0.6364255000000001 0.023633 0.478359
6.0 0.65481 0.5796490000000001 0.018232 0.560469
6.0 0.617217 0.6057805000000002 0.017734 0.525625
6.0 0.59354 0.6514840000000001 0.018857 0.41875
6.0 0.606196 0.5993365 0.011807 0.534219
6.0 0.582197 0.6405280000000001 0.012598 0.357266
6.0 0.567256 0.6657820000000001 0.008066 0.425312
6.0 0.553037 0.5424415000000001 0.008047 0.382422
6.0 0.544678 0.5407420000000001 0.008535 0.37875
6.0 0.367861 0.641347 0.008379 0.379766
6.0 0.377812 0.6811915000000001 0.008691 0.346328
6.0 0.964253 0.3486715 0.005342 0.174687
