0.0 0.021035 0.659278 0.032539 0.420391
0.0 0.038589 0.4367380000000001 0.017178 0.145859
2.0 0.069712 0.4122460000000001 0.02458 0.311953
0.0 0.08252 0.7382620000000001 0.047363 0.348984
0.0 0.186221 0.8246875 0.114219 0.23375
6.0 0.205127 0.390391 0.003965 0.119375
0.0 0.403301 0.790117 0.073027 0.279844
0.0 0.455034 0.6724615000000002 0.038447 0.436719
0.0 0.498516 0.7408405000000001 0.041172 0.345547
7.0 0.552607 0.5128510000000001 0.006152 0.233594
4.0 0.553892 0.5927740000000001 0.013662 0.114844
7.0 0.540464 0.4816795 0.005244 0.185
6.0 0.68334 0.45414100000000013 0.00293 0.095469
