6.0 0.966826 0.38810500000000003 0.008301 0.256641
6.0 0.5175 0.4321090000000001 0.006348 0.175
6.0 0.104858 0.4963870000000001 0.008389 0.262109
6.0 0.093081 0.5008405000000001 0.008564 0.305547
6.0 0.110605 0.5268550000000001 0.008672 0.265234
6.0 0.124189 0.6137500000000001 0.010488 0.335156
6.0 0.140908 0.6630865000000001 0.0075 0.338281
6.0 0.156006 0.6987700000000001 0.010957 0.330078
6.0 0.141738 0.658282 0.010566 0.387031
6.0 0.176035 0.7251955000000001 0.012148 0.320937
6.0 0.190205 0.7212115000000001 0.011582 0.342031
6.0 0.955615 0.46796800000000005 0.010156 0.471875
6.0 0.943784 0.5329495000000002 0.009014 0.605547
6.0 0.944531 0.5413870000000002 0.012344 0.611484
6.0 0.913794 0.549532 0.015283 0.515156
6.0 0.929678 0.5682805000000001 0.025293 0.572812
6.0 0.843633 0.6701170000000002 0.020898 0.43125
6.0 0.901519 0.5768365 0.016826 0.561406
6.0 0.882661 0.5671675 0.018545 0.577109
6.0 0.80877 0.7012885000000001 0.029141 0.3925
6.0 0.857485 0.6203125 0.024385 0.50625
6.0 0.717808 0.5265625 0.029229 0.63125
6.0 0.760244 0.6673045000000001 0.021777 0.443594
6.0 0.715317 0.555625 0.017158 0.584219
6.0 0.686934 0.539512 0.035977 0.613984
6.0 0.674087 0.6153325000000001 0.016455 0.512891
6.0 0.6523 0.6134575000000001 0.016143 0.515391
6.0 0.617891 0.6302155 0.014609 0.493047
6.0 0.600195 0.6886915 0.021387 0.405078
6.0 0.583081 0.6499030000000001 0.014014 0.365234
6.0 0.57543 0.5559760000000001 0.008828 0.416406
6.0 0.566646 0.5770120000000001 0.006514 0.332734
6.0 0.5577 0.530605 0.005869 0.342891
6.0 0.554536 0.5296675000000001 0.005283 0.337109
6.0 0.54814 0.48085900000000004 0.007939 0.355
6.0 0.53876 0.4995505000000001 0.006406 0.300859
6.0 0.536362 0.5064655000000001 0.008252 0.308047
6.0 0.214424 0.6540625000000001 0.012402 0.46125
6.0 0.294204 0.6574615000000001 0.010752 0.429844
6.0 0.220132 0.7119535000000001 0.01083 0.368437
6.0 0.230493 0.682363 0.011182 0.423516
6.0 0.231743 0.6811915000000001 0.007334 0.424297
6.0 0.258594 0.6555280000000001 0.009727 0.451484
6.0 0.230869 0.728125 0.010781 0.359844
6.0 0.264209 0.6830665000000001 0.011836 0.409922
6.0 0.972251 0.3250585 0.003877 0.121016
