0.0 0.017969 0.33865300000000004 0.011562 0.114297
0.0 0.507344 0.5347075000000001 0.025059 0.227266
0.0 0.508091 0.7574215000000002 0.042646 0.31125
0.0 0.399883 0.39302800000000004 0.014023 0.086797
2.0 0.025122 0.23236300000000004 0.019619 0.193672
0.0 0.052568 0.5450785 0.043691 0.414375
1.0 0.469653 0.3173830000000001 0.036318 0.51125
0.0 0.015337 0.6883990000000001 0.030674 0.414531
6.0 0.512295 0.3090040000000001 0.003906 0.086641
6.0 0.52104 0.3091795 0.004346 0.090469
2.0 0.013823 0.20558650000000003 0.01249 0.148281
