7.0 0.535586 0.4930465000000001 0.008379 0.290469
6.0 0.521782 0.4345705000000001 0.004932 0.145
0.0 0.197764 0.8614255 0.099062 0.184766
0.0 0.445166 0.7849615000000001 0.052793 0.285156
0.0 0.471787 0.5197660000000001 0.027773 0.390156
0.0 0.485981 0.4754695000000001 0.016768 0.186875
6.0 0.153901 0.5672260000000001 0.012314 0.393594
6.0 0.189175 0.6245905000000002 0.01585 0.407422
0.0 0.024868 0.4182805000000001 0.011396 0.124375
0.0 0.034658 0.42894550000000004 0.020137 0.246875
0.0 0.057793 0.5920705 0.046133 0.478281
6.0 0.093696 0.4869535000000001 0.007959 0.266563
6.0 0.087002 0.48976600000000003 0.008184 0.26625
