0.0 0.988506 0.6694135000000001 0.022988 0.440781
0.0 0.697202 0.531601 0.024482 0.180781
7.0 0.092739 0.6545905000000002 0.01165 0.458984
4.0 0.094453 0.7960929999999999 0.018047 0.271875
6.0 0.769932 0.6808990000000001 0.014648 0.425469
6.0 0.754331 0.6830080000000002 0.011709 0.422656
6.0 0.767881 0.42595750000000004 0.004395 0.136016
0.0 0.007549 0.6547660000000001 0.015098 0.451406
2.0 0.026538 0.2785345000000001 0.009795 0.083359
0.0 0.023203 0.425899 0.011602 0.125781
6.0 0.161528 0.3503710000000001 0.002861 0.070703
0.0 0.055371 0.6258205 0.05625 0.490781
0.0 0.603447 0.755254 0.057812 0.326328
7.0 0.736914 0.6132220000000002 0.016602 0.515703
4.0 0.731011 0.9309175000000002 0.017979 0.092109
7.0 0.68104 0.6879880000000002 0.020322 0.414453
6.0 0.775913 0.4435945000000001 0.003721 0.145937
