6.0 0.162559 0.5931250000000001 0.011777 0.440937
6.0 0.231113 0.660157 0.00957 0.425938
6.0 0.243867 0.6416410000000001 0.013438 0.477812
6.0 0.274458 0.6717580000000001 0.010029 0.395
6.0 0.617578 0.5988085000000002 0.021133 0.534922
6.0 0.587046 0.4441210000000001 0.01126 0.273984
6.0 0.258149 0.6613870000000001 0.010615 0.451484
6.0 0.289546 0.6625000000000001 0.008271 0.377188
6.0 0.283477 0.6818950000000001 0.010371 0.424141
6.0 0.303667 0.6978325000000001 0.01001 0.371484
6.0 0.318472 0.6764455000000001 0.011689 0.431406
6.0 0.327119 0.6667195 0.011387 0.389219
6.0 0.33772 0.6913870000000001 0.009971 0.299766
6.0 0.356719 0.693145 0.013379 0.300234
6.0 0.372573 0.6125785000000001 0.007412 0.3925
6.0 0.377832 0.6285160000000001 0.008691 0.340469
6.0 0.385767 0.5928325 0.010303 0.367891
6.0 0.396118 0.5543950000000002 0.007002 0.264609
6.0 0.412075 0.5877925000000002 0.008643 0.275234
6.0 0.408843 0.5640040000000001 0.007842 0.213516
6.0 0.418555 0.5654695000000001 0.00998 0.234531
6.0 0.426133 0.5302540000000001 0.008437 0.222266
6.0 0.431582 0.5182420000000001 0.007285 0.186094
6.0 0.435513 0.5163670000000001 0.004932 0.168281
6.0 0.549761 0.5215825000000001 0.009932 0.408984
6.0 0.555635 0.47089900000000007 0.00959 0.375313
6.0 0.93252 0.5412115000000001 0.011328 0.352344
