0.0 0.484326 0.29546800000000006 0.015547 0.100781
0.0 0.395566 0.4505665000000001 0.023164 0.124609
6.0 0.266675 0.7256635 0.006924 0.293438
0.0 0.501401 0.7954494999999999 0.058857 0.272734
0.0 0.480674 0.633262 0.025039 0.265234
0.0 0.337549 0.42179650000000013 0.014375 0.074219
0.0 0.402026 0.3937885000000001 0.014697 0.100156
0.0 0.016782 0.7007620000000001 0.033564 0.398984
6.0 0.225776 0.4816795 0.002217 0.076562
6.0 0.234224 0.4844920000000001 0.001963 0.069531
0.0 0.445996 0.326113 0.016465 0.116172
6.0 0.114575 0.3303910000000001 0.002354 0.064844
0.0 0.988726 0.7003510000000001 0.022549 0.399531
