6.0 0.43978 0.5592580000000001 0.006572 0.215781
6.0 0.446128 0.5069920000000001 0.005439 0.159844
7.0 0.259365 0.613399 0.00918 0.320625
5.0 0.65458 0.3687115000000001 0.007324 0.204375
5.0 0.647485 0.3697660000000001 0.005752 0.180937
0.0 0.678174 0.16826200000000005 0.014766 0.157422
4.0 0.621445 0.3599215000000001 0.013652 0.207344
4.0 0.605518 0.301738 0.010527 0.163672
5.0 0.641333 0.3030865 0.007881 0.187031
0.0 0.00917 0.3288670000000001 0.006895 0.060937
6.0 0.569961 0.6186715000000002 0.016113 0.508437
7.0 0.25147 0.6216595000000001 0.007021 0.336016
6.0 0.509146 0.420859 0.004951 0.115156
6.0 0.518511 0.4104295 0.005381 0.12125
4.0 0.249146 0.7182820000000001 0.025791 0.213281
