6.0 0.415347 0.6367180000000001 0.008135 0.312969
6.0 0.42752 0.5555665000000001 0.007402 0.196953
7.0 0.19043 0.550528 0.008789 0.300703
5.0 0.720991 0.3428710000000001 0.009385 0.237109
5.0 0.715098 0.36478450000000007 0.010371 0.233672
0.0 0.714971 0.14787100000000006 0.013516 0.152266
4.0 0.653618 0.2776555000000001 0.010732 0.233281
5.0 0.698306 0.29857450000000013 0.01042 0.225078
6.0 0.672183 0.5394535 0.025752 0.614062
7.0 0.182363 0.5501170000000001 0.008652 0.306875
6.0 0.514072 0.484726 0.005762 0.161406
6.0 0.524023 0.4516795000000001 0.006445 0.138906
4.0 0.185518 0.6609175 0.023887 0.193203
