7.0 0.072334 0.34023400000000004 0.006523 0.197969
1.0 0.611021 0.4034575 0.016826 0.116797
0.0 0.550776 0.45683650000000003 0.007432 0.052969
0.0 0.983701 0.20447200000000004 0.024277 0.216328
0.0 0.396147 0.7515624999999999 0.053408 0.33125
0.0 0.434961 0.658282 0.018184 0.208438
6.0 0.632505 0.6854095000000001 0.023564 0.415234
6.0 0.603027 0.5050585000000002 0.007266 0.236172
0.0 0.004297 0.26248000000000005 0.008594 0.153672
0.0 0.073389 0.5282620000000001 0.040332 0.316484
0.0 0.863833 0.669238 0.121084 0.441016
6.0 0.944907 0.17500000000000004 0.0079 0.222656
0.0 0.936714 0.6125785000000001 0.05876 0.516563
7.0 0.958301 0.3791995000000001 0.012891 0.343828
0.0 0.988237 0.3517780000000001 0.023525 0.259922
0.0 0.454224 0.5146675 0.015283 0.210078
0.0 0.46481 0.5272660000000001 0.013232 0.079375
0.0 0.468242 0.5224030000000002 0.012031 0.076953
