0.0 0.215693 0.749395 0.065566 0.334141
0.0 0.456401 0.4520905000000001 0.014697 0.109297
0.0 0.414746 0.3822460000000001 0.010664 0.084609
6.0 0.411152 0.469141 0.005527 0.150781
6.0 0.402896 0.4784575000000001 0.00415 0.136953
0.0 0.400083 0.3849415 0.011846 0.074609
6.0 0.075371 0.3963085000000001 0.004883 0.151641
0.0 0.008809 0.4537885 0.013418 0.160781
0.0 0.501768 0.5502925000000001 0.015371 0.169453
6.0 0.16125 0.4966795 0.006016 0.205625
0.0 0.036929 0.345508 0.009209 0.090625
6.0 0.152368 0.46123 0.006279 0.188984
6.0 0.951123 0.4082035000000001 0.005254 0.160625
