0.0 0.981729 0.3014455000000001 0.01832 0.212344
0.0 0.436851 0.5732620000000002 0.021299 0.208516
6.0 0.535435 0.680722 0.018584 0.425703
6.0 0.592515 0.403984 0.007061 0.226094
0.0 0.0052 0.40158250000000006 0.0104 0.153672
0.0 0.391797 0.7604095000000002 0.067578 0.319453
0.0 0.775454 0.7227340000000001 0.144404 0.369687
6.0 0.929082 0.305254 0.009746 0.304609
0.0 0.915483 0.6570505000000001 0.088135 0.456172
7.0 0.949941 0.5415625000000001 0.014453 0.415
0.0 0.988477 0.4329295 0.023047 0.307656
0.0 0.458853 0.4152340000000001 0.015068 0.179063
0.0 0.469395 0.43046950000000006 0.013223 0.079375
0.0 0.47189 0.43943350000000003 0.012021 0.076953
