0.0 0.577217 0.5916595000000001 0.031211 0.207266
7.0 0.433433 0.5682805000000001 0.008135 0.325156
4.0 0.433359 0.6976570000000001 0.007734 0.207812
6.0 0.589893 0.6560545000000001 0.009297 0.379688
6.0 0.746997 0.4142965000000001 0.004072 0.1075
0.0 0.013071 0.6733405000000001 0.026143 0.435547
2.0 0.043003 0.3116995 0.013936 0.126797
0.0 0.039395 0.48677800000000004 0.01125 0.135859
0.0 0.052065 0.5981635000000001 0.026709 0.243594
6.0 0.187588 0.37123000000000006 0.003242 0.083828
0.0 0.089116 0.7644534999999999 0.069033 0.314063
0.0 0.249595 0.6847660000000001 0.169385 0.420312
0.0 0.513428 0.7397260000000001 0.037207 0.342031
7.0 0.607705 0.6276370000000001 0.010586 0.421797
4.0 0.609614 0.7674414999999999 0.022686 0.240391
7.0 0.58002 0.6329695000000001 0.010273 0.381406
6.0 0.739722 0.4318165 0.003564 0.106016
