7.0 0.471421 0.402988 0.003486 0.081172
4.0 0.471147 0.4434175 0.003428 0.051953
4.0 0.645166 0.5369335000000002 0.015684 0.149766
0.0 0.032139 0.6844135000000001 0.039824 0.420781
0.0 0.095615 0.5328910000000001 0.025137 0.162656
0.0 0.139209 0.4427155 0.022168 0.140391
6.0 0.401035 0.5564455 0.004727 0.2325
0.0 0.194043 0.8576170000000002 0.114258 0.189844
0.0 0.50834 0.6531835 0.024395 0.291328
0.0 0.521758 0.43240300000000004 0.010117 0.082578
0.0 0.50793 0.40011700000000006 0.009453 0.0675
6.0 0.951841 0.3754495 0.004658 0.188984
4.0 0.751865 0.5767180000000001 0.009531 0.221562
4.0 0.725205 0.6086530000000001 0.014277 0.204609
4.0 0.688198 0.5760160000000001 0.015537 0.18125
