0.0 0.670688 0.4087885000000001 0.015303 0.122656
6.0 0.644893 0.4079095 0.004551 0.143828
7.0 0.329795 0.7011715000000001 0.012813 0.398438
0.0 0.424526 0.5209960000000001 0.021338 0.115391
7.0 0.192017 0.4760545000000001 0.010771 0.2825
6.0 0.209966 0.49087900000000007 0.00585 0.224766
6.0 0.205991 0.6057220000000001 0.008721 0.399141
6.0 0.21188 0.6617965 0.007705 0.371563
6.0 0.228521 0.623476 0.00917 0.380938
6.0 0.318643 0.5955280000000001 0.009707 0.365859
0.0 0.441626 0.44500000000000006 0.018174 0.089844
0.0 0.439238 0.4526755000000001 0.018125 0.075234
0.0 0.422827 0.48097600000000007 0.022295 0.123125
