6.0 0.424214 0.7002925000000001 0.01626 0.391797
7.0 0.597417 0.3279880000000001 0.008115 0.170703
6.0 0.59042 0.4939255000000001 0.009473 0.306328
0.0 0.004316 0.4390825000000001 0.008633 0.211953
0.0 0.0054 0.4072075000000001 0.010801 0.135859
0.0 0.449185 0.5794135000000001 0.024033 0.259375
0.0 0.84084 0.7019335000000001 0.140234 0.397422
6.0 0.883828 0.4721875 0.014316 0.518594
0.0 0.948506 0.6252925 0.047676 0.428672
7.0 0.973677 0.37837900000000013 0.008604 0.200859
0.0 0.993008 0.4049215 0.013984 0.270312
0.0 0.458853 0.3853510000000001 0.015068 0.168125
0.0 0.479199 0.3961915000000001 0.013223 0.079297
0.0 0.473379 0.410371 0.012031 0.076953
