6.0 0.302466 0.6132220000000002 0.009072 0.402578
6.0 0.354214 0.6704095000000001 0.00751 0.359766
6.0 0.375508 0.7136530000000001 0.009336 0.381797
6.0 0.382461 0.6737500000000001 0.007852 0.304063
6.0 0.571743 0.5410345 0.011533 0.373516
6.0 0.577344 0.4505080000000001 0.00918 0.235313
6.0 0.392129 0.653653 0.007246 0.308672
6.0 0.399248 0.677266 0.01043 0.368125
6.0 0.411079 0.6405280000000001 0.010146 0.323984
6.0 0.426396 0.5921290000000001 0.010293 0.197734
6.0 0.437422 0.5975785000000001 0.007461 0.252188
6.0 0.443613 0.554629 0.006563 0.233828
6.0 0.457236 0.5306635000000001 0.005039 0.203281
6.0 0.452627 0.5238670000000001 0.007793 0.157813
6.0 0.839873 0.5936530000000001 0.024023 0.541797
