6.0 0.445186 0.5340625 0.005918 0.200625
7.0 0.273213 0.6070120000000001 0.00748 0.319297
5.0 0.644883 0.3642580000000001 0.007832 0.193125
5.0 0.640059 0.3653710000000001 0.005762 0.179609
0.0 0.672412 0.17494150000000003 0.013457 0.148516
4.0 0.613848 0.35459050000000003 0.013887 0.199297
4.0 0.599951 0.3025000000000001 0.010332 0.158125
5.0 0.633091 0.3129295000000001 0.007529 0.177031
0.0 0.010249 0.3393550000000001 0.007256 0.063828
6.0 0.560439 0.6300385000000001 0.015371 0.492344
7.0 0.266519 0.6200785000000001 0.005439 0.33375
6.0 0.508989 0.416875 0.004893 0.112812
6.0 0.517705 0.405976 0.005449 0.11875
4.0 0.262715 0.7158790000000002 0.024609 0.207891
