7.0 0.477368 0.45097600000000004 0.003604 0.115313
4.0 0.476865 0.5004295000000001 0.003887 0.066719
0.0 0.019004 0.6711715 0.037832 0.438438
2.0 0.062461 0.3398830000000001 0.019316 0.20375
0.0 0.068091 0.6851755 0.033662 0.325859
0.0 0.121968 0.7774030000000001 0.09626 0.296797
6.0 0.20665 0.3835345 0.003496 0.092578
0.0 0.363486 0.8341795000000002 0.091113 0.221094
0.0 0.440669 0.6758590000000001 0.055068 0.432187
0.0 0.50355 0.744121 0.035303 0.341172
7.0 0.560874 0.5339455000000002 0.00665 0.2625
4.0 0.561426 0.6116995000000002 0.014258 0.142422
7.0 0.545542 0.4612885 0.006143 0.138594
6.0 0.695488 0.4316410000000001 0.003027 0.091406
