0.0 0.983589 0.333145 0.015986 0.200547
6.0 0.509932 0.680722 0.018574 0.425703
6.0 0.591699 0.4064455 0.007988 0.242187
0.0 0.005342 0.41476600000000013 0.010684 0.15375
0.0 0.42873 0.7072660000000001 0.04293 0.390312
0.0 0.781636 0.7307620000000001 0.145791 0.358984
6.0 0.923071 0.33964900000000003 0.010752 0.334687
0.0 0.914155 0.6760930000000002 0.085186 0.430156
7.0 0.949272 0.5735545000000001 0.014053 0.409375
0.0 0.989106 0.4366210000000001 0.021787 0.312578
0.0 0.458853 0.40281250000000013 0.015068 0.185156
0.0 0.469849 0.4250785000000001 0.013232 0.079375
0.0 0.472192 0.4335745000000001 0.012021 0.076953
