6.0 0.224717 0.6919720000000001 0.012715 0.408047
6.0 0.30269 0.7636330000000001 0.011807 0.314531
6.0 0.312886 0.7697845 0.009775 0.306953
6.0 0.355112 0.755371 0.013018 0.306641
7.0 0.109668 0.45548800000000006 0.006934 0.178672
4.0 0.863989 0.29816350000000014 0.012549 0.221719
4.0 0.839512 0.2569135 0.010234 0.228281
6.0 0.947812 0.54373 0.012969 0.529766
7.0 0.103198 0.45818350000000013 0.005322 0.184141
6.0 0.541406 0.6314455000000001 0.011523 0.433594
6.0 0.550928 0.5101570000000001 0.008398 0.196094
4.0 0.106665 0.5098045000000001 0.014854 0.09625
