0.0 0.091499 0.402403 0.010498 0.069922
7.0 0.324521 0.632851 0.010371 0.336406
4.0 0.324678 0.7567780000000002 0.019219 0.198203
6.0 0.453223 0.4600000000000001 0.004063 0.126875
0.0 0.988486 0.4902925 0.017871 0.195078
4.0 0.845781 0.5105665 0.009297 0.171328
0.0 0.016719 0.6981835000000001 0.033438 0.402422
0.0 0.019551 0.3548830000000001 0.014727 0.087812
6.0 0.15125 0.608593 0.007383 0.304688
0.0 0.0302 0.49826200000000004 0.020264 0.214453
0.0 0.508862 0.7484575 0.035654 0.335391
0.0 0.520986 0.42396550000000005 0.010117 0.082578
0.0 0.506665 0.4567195 0.014717 0.111719
4.0 0.908584 0.42871150000000013 0.013066 0.144219
4.0 0.898867 0.4466410000000001 0.012422 0.130156
4.0 0.881064 0.4670320000000001 0.014824 0.150312
