7.0 0.068354 0.363613 0.006533 0.174766
0.0 0.980303 0.2610745000000001 0.021816 0.224922
0.0 0.430635 0.6886915 0.02373 0.234453
0.0 0.441626 0.5498830000000001 0.018174 0.139687
6.0 0.569839 0.6823045000000001 0.018994 0.423594
6.0 0.595713 0.4224415 0.006582 0.219453
0.0 0.004883 0.34269550000000004 0.009766 0.15375
0.0 0.235742 0.8382820000000001 0.092969 0.215625
0.0 0.805908 0.7079095000000001 0.142871 0.389453
6.0 0.934941 0.2747845 0.008633 0.302891
0.0 0.921865 0.6358990000000001 0.076582 0.484844
7.0 0.9525 0.4771090000000001 0.014453 0.403594
0.0 0.987988 0.4033405 0.024023 0.293672
0.0 0.457852 0.45484450000000004 0.015059 0.18625
0.0 0.468145 0.4740625000000001 0.013223 0.079375
0.0 0.471548 0.4461130000000001 0.012021 0.076953
