2.0 0.021714 0.2159575 0.008682 0.126641
2.0 0.041758 0.26400400000000007 0.028242 0.224922
0.0 0.028467 0.4164055 0.016699 0.11875
0.0 0.017222 0.3385345000000001 0.00915 0.068516
0.0 0.00603 0.4934575000000001 0.012061 0.169141
0.0 0.996724 0.4611130000000001 0.006553 0.209922
0.0 0.186201 0.909766 0.06666 0.120313
0.0 0.956353 0.5972260000000001 0.037021 0.385469
0.0 0.50481 0.7508005 0.039795 0.332266
0.0 0.505825 0.4471675000000001 0.018643 0.104766
0.0 0.455581 0.656641 0.02917 0.271094
7.0 0.587397 0.24455050000000003 0.003896 0.091484
7.0 0.590454 0.37814500000000006 0.006045 0.157266
0.0 0.983994 0.3400585 0.012676 0.139297
0.0 0.520229 0.393379 0.008877 0.115391
0.0 0.550449 0.5953510000000002 0.037207 0.438594
0.0 0.476519 0.472246 0.014365 0.138047
