0.0 0.066436 0.4553125 0.017129 0.146563
0.0 0.170239 0.727597 0.057861 0.363203
0.0 0.419365 0.655234 0.032148 0.23625
0.0 0.325903 0.500722 0.027158 0.134609
2.0 0.459946 0.3991795000000001 0.02167 0.181094
2.0 0.44124 0.40427800000000014 0.034336 0.242109
6.0 0.277432 0.6571090000000002 0.006035 0.2525
6.0 0.272075 0.638359 0.005635 0.245
0.0 0.252124 0.45595750000000007 0.026572 0.140859
0.0 0.315776 0.45214900000000013 0.018916 0.101094
0.0 0.460708 0.47482450000000004 0.01667 0.152891
6.0 0.40688 0.5043550000000001 0.005283 0.155078
0.0 0.007959 0.481153 0.01416 0.166328
0.0 0.509312 0.5663470000000002 0.015479 0.167734
6.0 0.080591 0.3803125000000001 0.004893 0.106094
