0.0 0.043408 0.6917965 0.043535 0.410937
0.0 0.104888 0.375508 0.022354 0.153125
0.0 0.139971 0.309238 0.020215 0.137891
6.0 0.364111 0.414883 0.003555 0.129688
0.0 0.396787 0.7370905000000001 0.032539 0.350547
0.0 0.442344 0.6992965000000001 0.029023 0.294687
0.0 0.433291 0.4595905000000001 0.009824 0.086328
0.0 0.417178 0.4009375 0.009453 0.0675
2.0 0.950669 0.2809960000000001 0.016045 0.179609
0.0 0.927739 0.3878125000000001 0.013994 0.14
6.0 0.801152 0.4541995 0.007871 0.153984
6.0 0.792188 0.501133 0.008887 0.176719
6.0 0.779351 0.5031835 0.006709 0.247266
6.0 0.775576 0.5451955 0.007285 0.280938
4.0 0.538701 0.5613085000000001 0.01459 0.137734
4.0 0.529648 0.5867965000000002 0.012773 0.103281
4.0 0.515596 0.5637115000000001 0.010801 0.101094
