7.0 0.528325 0.372403 0.004541 0.058828
6.0 0.134297 0.5120905 0.008691 0.303672
6.0 0.580552 0.6999415000000001 0.010088 0.363047
6.0 0.566758 0.5659375 0.007324 0.28375
6.0 0.586455 0.584395 0.006895 0.316953
6.0 0.591123 0.623476 0.006914 0.3675
0.0 0.417036 0.4104295 0.016514 0.114062
0.0 0.371963 0.8035945 0.096582 0.261875
6.0 0.302656 0.3689455 0.005371 0.184219
7.0 0.35606 0.38107450000000004 0.008857 0.110078
0.0 0.429224 0.39507850000000005 0.018896 0.146406
6.0 0.385698 0.34878850000000006 0.004131 0.123906
0.0 0.471445 0.55 0.019375 0.205156
0.0 0.978882 0.31621150000000003 0.010146 0.120625
0.0 0.513486 0.7234375000000002 0.043145 0.36875
6.0 0.528823 0.37773400000000007 0.002939 0.093281
