0.0 0.078237 0.3738670000000001 0.011943 0.073906
7.0 0.159585 0.5239255000000002 0.006982 0.216016
4.0 0.158516 0.608593 0.004258 0.13125
6.0 0.43251 0.5153710000000001 0.004238 0.144297
6.0 0.470566 0.4266595000000001 0.003457 0.093984
6.0 0.459932 0.459355 0.003672 0.098828
6.0 0.460439 0.4764655000000001 0.003867 0.115078
6.0 0.547642 0.4349215 0.004385 0.144375
6.0 0.542651 0.4492180000000001 0.004248 0.15
6.0 0.536421 0.425782 0.003877 0.124219
0.0 0.90062 0.7984374999999999 0.08874 0.26875
4.0 0.874741 0.455371 0.01335 0.148047
0.0 0.019482 0.7137115 0.038965 0.381719
0.0 0.004297 0.3677740000000001 0.008594 0.108594
6.0 0.101274 0.5032420000000001 0.005088 0.210781
0.0 0.019336 0.3789655 0.012109 0.112422
0.0 0.50916 0.77248 0.044297 0.303359
0.0 0.520986 0.43919950000000013 0.010117 0.082578
0.0 0.505469 0.5047075000000001 0.016504 0.126797
4.0 0.921309 0.39209050000000006 0.010977 0.110547
4.0 0.915605 0.4022260000000001 0.010547 0.110781
4.0 0.900542 0.40304650000000003 0.012217 0.131875
