6.0 0.069048 0.3149800000000001 0.004053 0.095078
7.0 0.950488 0.6790240000000002 0.017578 0.418438
7.0 0.981333 0.3678325000000001 0.005264 0.147266
7.0 0.976782 0.3398830000000001 0.004619 0.151094
0.0 0.493779 0.7964454999999999 0.032285 0.257344
0.0 0.503027 0.6680665000000001 0.028711 0.190234
0.0 0.492827 0.4911715 0.028369 0.258594
0.0 0.530732 0.5074030000000002 0.020762 0.108828
0.0 0.580967 0.5109760000000001 0.020273 0.110313
0.0 0.62707 0.487246 0.017773 0.116641
0.0 0.198979 0.3578710000000001 0.013369 0.091797
0.0 0.061392 0.33625000000000005 0.009014 0.085938
0.0 0.126968 0.38886700000000013 0.0221 0.133594
6.0 0.054424 0.3060160000000001 0.00377 0.095625
7.0 0.381763 0.2426755 0.005654 0.079453
6.0 0.518135 0.4788085 0.00498 0.111953
6.0 0.525659 0.4660930000000001 0.005283 0.108594
