6.0 0.26439 0.7993164999999999 0.008975 0.174453
0.0 0.501401 0.7954494999999999 0.058857 0.272734
0.0 0.480674 0.633262 0.025039 0.265234
0.0 0.43063 0.3617965000000001 0.017334 0.099375
0.0 0.491064 0.3025000000000001 0.013477 0.085938
0.0 0.015718 0.7007620000000001 0.031436 0.398984
6.0 0.231021 0.48238300000000006 0.002549 0.076562
6.0 0.240688 0.484141 0.001963 0.069531
0.0 0.522822 0.2474215 0.014355 0.09375
6.0 0.116304 0.3303910000000001 0.002354 0.064844
0.0 0.988726 0.7003510000000001 0.022549 0.399531
