0.0 0.975698 0.2921875 0.007686 0.075
0.0 0.951533 0.4341595000000001 0.012754 0.158828
0.0 0.913149 0.6333205000000001 0.075518 0.488906
0.0 0.544731 0.6484375000000001 0.034521 0.352031
0.0 0.564243 0.5240425000000002 0.01999 0.238672
0.0 0.031055 0.42044950000000003 0.01582 0.137734
0.0 0.121191 0.822109 0.085547 0.231563
0.0 0.44998 0.7180465 0.03291 0.304531
0.0 0.003887 0.21167950000000005 0.003027 0.027344
0.0 0.012695 0.7203910000000001 0.025391 0.372812
0.0 0.991602 0.6988285000000001 0.016797 0.401563
0.0 0.007905 0.24062500000000006 0.004092 0.036563
0.0 0.50481 0.7508005 0.039795 0.332266
0.0 0.505825 0.4471675000000001 0.018643 0.104766
0.0 0.012124 0.2716210000000001 0.005693 0.056797
0.0 0.517109 0.3518950000000001 0.009883 0.113516
0.0 0.017373 0.31656250000000014 0.008105 0.07625
