0.0 0.995532 0.29347600000000007 0.006748 0.101719
6.0 0.960913 0.260371 0.002588 0.103516
0.0 0.522573 0.39156250000000004 0.016611 0.108281
7.0 0.451123 0.3533005000000001 0.004551 0.058828
7.0 0.43584 0.3901570000000001 0.006055 0.096875
6.0 0.536426 0.38517550000000006 0.003535 0.081641
6.0 0.219014 0.6439255 0.012383 0.408203
6.0 0.665171 0.7448830000000002 0.011143 0.331406
6.0 0.618047 0.6476170000000001 0.009941 0.385
6.0 0.651685 0.6816595 0.011318 0.375391
6.0 0.680522 0.679141 0.009893 0.427813
0.0 0.382627 0.3523045000000001 0.014805 0.077187
6.0 0.347061 0.4316410000000001 0.005371 0.191719
7.0 0.44354 0.4323445 0.008857 0.110156
6.0 0.333354 0.31925800000000004 0.004131 0.097969
0.0 0.030957 0.5060545000000002 0.029883 0.266406
0.0 0.794092 0.947851 0.099316 0.069531
0.0 0.513486 0.7234375000000002 0.043145 0.36875
6.0 0.535107 0.3817780000000001 0.002949 0.103828
