7.0 0.534932 0.372403 0.004551 0.058828
6.0 0.128735 0.4991995 0.008916 0.292734
6.0 0.57457 0.693262 0.010098 0.366797
6.0 0.562095 0.5585545000000001 0.00708 0.274531
6.0 0.581108 0.5751955000000001 0.006494 0.311719
6.0 0.585132 0.6140425 0.006553 0.358359
0.0 0.424893 0.4114255 0.016523 0.113984
0.0 0.418989 0.7565424999999999 0.059072 0.324609
6.0 0.299854 0.36507850000000003 0.005371 0.184219
7.0 0.340503 0.38107450000000004 0.008857 0.110078
0.0 0.418042 0.3873430000000001 0.018896 0.146406
6.0 0.392695 0.3415825 0.004141 0.136172
0.0 0.472222 0.5065825 0.019619 0.168828
0.0 0.978628 0.3036715 0.009053 0.103594
0.0 0.513486 0.7234375000000002 0.043145 0.36875
6.0 0.527534 0.3707035000000001 0.002939 0.087187
