0.0 0.049209 0.380488 0.013926 0.107891
0.0 0.086699 0.49902400000000013 0.027793 0.192969
0.0 0.315654 0.7867779999999999 0.072402 0.284297
0.0 0.289863 0.4915825 0.026504 0.141172
2.0 0.445278 0.41406250000000006 0.039482 0.25
2.0 0.433774 0.42326200000000014 0.055947 0.312422
6.0 0.230918 0.6291010000000001 0.006035 0.2525
6.0 0.229932 0.6074215000000001 0.005645 0.245
0.0 0.212524 0.4373245 0.025107 0.131641
0.0 0.287031 0.44248000000000004 0.023398 0.117734
0.0 0.476826 0.448867 0.011875 0.086562
0.0 0.429829 0.5713285000000001 0.028721 0.258125
6.0 0.382954 0.5265040000000002 0.005264 0.200547
6.0 0.546675 0.3910345 0.003662 0.111328
0.0 0.007603 0.4875385000000001 0.01415 0.16625
0.0 0.508682 0.5657035000000001 0.015684 0.164375
6.0 0.07314 0.3599215000000001 0.004307 0.094531
