6.0 0.322754 0.6871090000000002 0.008984 0.417188
6.0 0.364707 0.7509759999999999 0.012773 0.327344
6.0 0.371787 0.7274800000000001 0.011895 0.308672
6.0 0.395747 0.6568165 0.011455 0.255391
7.0 0.132988 0.4915240000000001 0.007559 0.22625
5.0 0.820786 0.3150385000000001 0.012529 0.242969
4.0 0.804761 0.347032 0.009092 0.264219
4.0 0.765796 0.2844535000000001 0.007803 0.265
6.0 0.9027 0.5429680000000001 0.018428 0.609375
7.0 0.125234 0.4943950000000001 0.008125 0.233203
6.0 0.52625 0.5516995000000001 0.008926 0.285859
6.0 0.53646 0.49873 0.0079 0.151328
4.0 0.127402 0.5494720000000002 0.018418 0.121641
