0.0 0.485283 0.4046875000000001 0.008789 0.071719
2.0 0.02021 0.208105 0.008213 0.120078
2.0 0.03563 0.2582035 0.021064 0.203594
0.0 0.024438 0.3878125000000001 0.013428 0.10875
0.0 0.015 0.31726600000000005 0.008438 0.06125
0.0 0.006562 0.5120305000000002 0.013125 0.186094
0.0 0.99627 0.48226600000000003 0.007461 0.226875
0.0 0.103823 0.8124414999999999 0.070947 0.248203
0.0 0.941646 0.6661915 0.05292 0.442734
0.0 0.50481 0.7508005 0.039795 0.332266
0.0 0.505825 0.4471675000000001 0.018643 0.104766
0.0 0.435435 0.7594135000000002 0.044541 0.3125
7.0 0.591895 0.22451200000000002 0.003105 0.087422
7.0 0.581758 0.37328050000000007 0.005742 0.137656
0.0 0.982529 0.34925800000000007 0.01418 0.156562
0.0 0.518276 0.37164100000000005 0.007783 0.09875
0.0 0.540415 0.5230465000000002 0.026143 0.343906
0.0 0.472852 0.527734 0.020391 0.190625
