0.0 0.481528 0.438262 0.015146 0.108828
0.0 0.011035 0.2630080000000001 0.007422 0.081406
0.0 0.507144 0.5256835000000001 0.024111 0.215391
0.0 0.507549 0.7574215000000002 0.042637 0.31125
0.0 0.399531 0.399883 0.014961 0.092031
2.0 0.018555 0.19673800000000005 0.012012 0.134453
0.0 0.021528 0.318145 0.016006 0.158984
1.0 0.254248 0.245488 0.346387 0.993984
0.0 0.015049 0.6869920000000002 0.030098 0.414531
6.0 0.50811 0.30671950000000003 0.003486 0.086562
6.0 0.513398 0.3089455000000001 0.004121 0.088906
2.0 0.012842 0.19914100000000004 0.01123 0.148281
