7.0 0.010737 0.36039100000000013 0.006357 0.168125
6.0 0.074326 0.34773400000000004 0.004062 0.095156
0.0 0.493682 0.7935160000000001 0.034277 0.267344
0.0 0.503027 0.6680665000000001 0.028711 0.190234
0.0 0.552363 0.46375 0.026699 0.181562
0.0 0.590483 0.5025385000000001 0.019424 0.11375
0.0 0.617705 0.48507850000000013 0.019492 0.104531
0.0 0.640552 0.4816795 0.016084 0.102031
0.0 0.057437 0.382891 0.016416 0.117031
0.0 0.061392 0.33625000000000005 0.009014 0.085938
0.0 0.126968 0.38886700000000013 0.0221 0.133594
7.0 0.019702 0.41980450000000014 0.008506 0.1325
6.0 0.067202 0.345097 0.005654 0.127266
7.0 0.294785 0.3100000000000001 0.005352 0.070469
7.0 0.413242 0.35371150000000007 0.006504 0.107031
6.0 0.498237 0.456367 0.004971 0.108281
6.0 0.503687 0.4573045 0.00417 0.102344
