0.0 0.479766 0.44423800000000013 0.008418 0.067266
0.0 0.038062 0.3353710000000001 0.009209 0.081016
0.0 0.056172 0.40527400000000013 0.016738 0.134062
0.0 0.127876 0.6565240000000001 0.047451 0.274062
0.0 0.245464 0.4765240000000001 0.025244 0.144688
2.0 0.403779 0.476641 0.088145 0.4525
2.0 0.419443 0.4397260000000001 0.081152 0.394531
6.0 0.179365 0.5654695000000001 0.005918 0.244844
6.0 0.181958 0.5713285000000001 0.005635 0.245
0.0 0.172236 0.3842380000000001 0.015937 0.105859
0.0 0.248496 0.41300800000000004 0.023398 0.117656
0.0 0.46189 0.521524 0.019014 0.15875
0.0 0.317153 0.702343 0.073174 0.396875
6.0 0.337939 0.5641795000000001 0.005566 0.249844
6.0 0.553618 0.4127155000000001 0.00415 0.116016
0.0 0.007192 0.4949800000000001 0.01415 0.166328
0.0 0.507944 0.5649415 0.015928 0.160391
6.0 0.064443 0.336133 0.003613 0.080937
