0.0 0.020884 0.709609 0.041025 0.387188
6.0 0.208979 0.6470905000000001 0.006592 0.297109
7.0 0.139604 0.5563285000000001 0.007002 0.232656
0.0 0.161675 0.3299800000000001 0.013096 0.077734
4.0 0.1404 0.6944335000000001 0.009043 0.169297
0.0 0.074746 0.3690625 0.012422 0.066094
0.0 0.072104 0.4033405 0.01585 0.077266
0.0 0.022109 0.3623830000000001 0.010664 0.102031
0.0 0.030347 0.4970905 0.016006 0.181172
0.0 0.052461 0.4107220000000001 0.010977 0.088672
0.0 0.456782 0.599278 0.019932 0.189922
2.0 0.77855 0.2495905 0.37292 0.999453
0.0 0.505015 0.706621 0.034561 0.308516
