7.0 0.065459 0.380605 0.006523 0.157891
0.0 0.981445 0.29341750000000005 0.019023 0.214922
0.0 0.436567 0.5840425 0.021299 0.215234
6.0 0.541108 0.680722 0.018584 0.425703
6.0 0.592944 0.4022845000000001 0.006846 0.222578
0.0 0.005171 0.3986530000000001 0.010342 0.153672
0.0 0.372456 0.7880665000000001 0.073076 0.282578
0.0 0.781543 0.7198045000000001 0.144102 0.373594
6.0 0.930259 0.29915950000000013 0.009521 0.304297
0.0 0.915781 0.6527740000000001 0.088789 0.461875
7.0 0.950449 0.5286715000000001 0.014453 0.412813
0.0 0.988335 0.43205050000000006 0.02333 0.306484
0.0 0.458853 0.417988 0.015068 0.177578
0.0 0.469297 0.4316410000000001 0.013223 0.079375
0.0 0.471821 0.4408405 0.012021 0.076953
