4.0 0.584346 0.4776955 0.014805 0.11375
0.0 0.047397 0.6988870000000001 0.042549 0.401484
0.0 0.116475 0.5717965000000002 0.024434 0.162344
0.0 0.156064 0.4676170000000001 0.021641 0.141094
6.0 0.403643 0.5083990000000002 0.004551 0.166406
0.0 0.368818 0.8287885 0.082246 0.228281
0.0 0.482051 0.6568165 0.024395 0.291328
0.0 0.494766 0.4341595000000001 0.010117 0.082578
0.0 0.480864 0.39835900000000013 0.009443 0.0675
6.0 0.916953 0.361504 0.006484 0.121172
6.0 0.914526 0.38417950000000006 0.005791 0.153906
6.0 0.909263 0.3914455 0.006416 0.229531
4.0 0.656943 0.539512 0.015879 0.216016
4.0 0.638228 0.5491795 0.019072 0.155469
4.0 0.613594 0.5170120000000001 0.018008 0.153516
