6.0 0.940347 0.3326755 0.006338 0.197578
6.0 0.870635 0.6308590000000001 0.010742 0.465313
0.0 0.019736 0.6987700000000001 0.038984 0.401641
6.0 0.187705 0.5928325 0.007109 0.270391
7.0 0.148901 0.577891 0.00626 0.275938
0.0 0.187861 0.31521550000000004 0.012285 0.069922
4.0 0.148364 0.6985345000000002 0.015518 0.181797
0.0 0.074746 0.3690625 0.012422 0.066094
0.0 0.090073 0.367012 0.014639 0.072891
0.0 0.02207 0.3842380000000001 0.011758 0.108672
0.0 0.064048 0.3847660000000001 0.010146 0.070625
0.0 0.392471 0.8055280000000001 0.059688 0.257891
2.0 0.684458 0.23546800000000007 0.300029 0.980625
0.0 0.505571 0.6421675000000001 0.024014 0.242891
