0.0 0.671899 0.4097845000000001 0.015303 0.127891
6.0 0.644673 0.4141210000000001 0.004541 0.143828
7.0 0.337681 0.7128910000000002 0.012822 0.382812
0.0 0.426553 0.5453710000000002 0.021348 0.115391
7.0 0.19627 0.4923445000000001 0.01123 0.298594
6.0 0.214243 0.47482450000000004 0.00585 0.224766
6.0 0.210918 0.6088285 0.008789 0.396875
6.0 0.217217 0.6531835 0.007695 0.371641
6.0 0.233652 0.6150385 0.00918 0.370781
6.0 0.324697 0.6108205 0.009707 0.37
0.0 0.443599 0.469141 0.018174 0.089844
0.0 0.44085 0.4745305000000001 0.018125 0.075156
0.0 0.425957 0.490645 0.022207 0.122422
