7.0 0.007559 0.3723430000000001 0.006367 0.184063
6.0 0.072964 0.3479680000000001 0.004053 0.095156
0.0 0.493691 0.7924030000000001 0.034043 0.268047
0.0 0.503027 0.6680665000000001 0.028711 0.190234
0.0 0.550229 0.46498000000000006 0.027021 0.184297
0.0 0.590073 0.5005465000000001 0.019326 0.115313
0.0 0.617788 0.48507850000000013 0.019658 0.105781
0.0 0.640576 0.4816795 0.016133 0.102031
0.0 0.063286 0.3809575 0.018584 0.132578
0.0 0.061392 0.33625000000000005 0.009014 0.085938
0.0 0.126968 0.38886700000000013 0.0221 0.133594
7.0 0.0177 0.433867 0.008506 0.137969
6.0 0.065952 0.340528 0.005654 0.127266
7.0 0.291216 0.31386700000000006 0.00501 0.068438
7.0 0.409927 0.343105 0.006494 0.107109
6.0 0.499595 0.45789100000000005 0.004971 0.108594
6.0 0.505308 0.4577155 0.004346 0.103359
