7.0 0.076914 0.38822200000000007 0.006523 0.188047
1.0 0.609585 0.3663670000000001 0.021846 0.135313
0.0 0.535415 0.3718750000000001 0.010576 0.066562
0.0 0.986973 0.34234300000000006 0.023066 0.186719
0.0 0.139932 0.7108990000000002 0.092988 0.385469
0.0 0.396641 0.6876955 0.04207 0.385
0.0 0.421299 0.4560160000000001 0.015391 0.136406
6.0 0.781064 0.6908590000000001 0.022168 0.412188
6.0 0.6248 0.4456450000000001 0.006924 0.231953
0.0 0.002676 0.3832420000000001 0.005352 0.15375
0.0 0.034644 0.413887 0.016592 0.127891
0.0 0.923203 0.711133 0.077598 0.385156
6.0 0.956758 0.3299215000000001 0.006816 0.180156
0.0 0.957563 0.6985945 0.034834 0.401875
7.0 0.968306 0.4840240000000001 0.009248 0.251719
0.0 0.989399 0.4428325 0.021201 0.227109
0.0 0.443467 0.4102540000000001 0.016348 0.286328
0.0 0.456938 0.4111330000000001 0.013232 0.079375
0.0 0.455679 0.399004 0.012021 0.076953
