0.0 0.053633 0.3927925000000001 0.019102 0.111016
0.0 0.063057 0.35019550000000005 0.018418 0.101875
6.0 0.208057 0.4772845 0.005605 0.173047
6.0 0.242188 0.4007620000000001 0.006309 0.159922
6.0 0.247856 0.3932620000000001 0.005088 0.146328
6.0 0.314312 0.5253325000000001 0.004795 0.092578
6.0 0.323008 0.5211715 0.004336 0.091875
6.0 0.883428 0.3797845000000001 0.00748 0.262891
6.0 0.875811 0.3878125000000001 0.00752 0.257656
6.0 0.868818 0.37615300000000007 0.006934 0.228672
6.0 0.965713 0.5209375000000002 0.011055 0.46625
5.0 0.840313 0.6046675000000001 0.007773 0.284922
5.0 0.962183 0.6396490000000001 0.005967 0.3125
5.0 0.957275 0.6657805 0.005371 0.337812
5.0 0.951519 0.6418165 0.007725 0.297891
5.0 0.935742 0.6046090000000001 0.007812 0.285
