0.0 0.988662 0.24378850000000002 0.006602 0.070469
6.0 0.959663 0.26195350000000006 0.002588 0.10875
6.0 0.962676 0.26119150000000013 0.002578 0.106953
0.0 0.512378 0.38084050000000014 0.007666 0.089766
7.0 0.423003 0.3380665 0.004111 0.058828
7.0 0.370796 0.34275400000000006 0.005752 0.103203
6.0 0.531772 0.3814255 0.003525 0.081641
6.0 0.261963 0.6698245 0.011211 0.411172
6.0 0.722129 0.7512115000000001 0.012344 0.326719
6.0 0.646118 0.6431635000000001 0.010947 0.424219
6.0 0.691528 0.7097260000000001 0.012334 0.387031
6.0 0.73252 0.6862885000000001 0.009902 0.417031
0.0 0.381294 0.3520705 0.014814 0.077188
6.0 0.365361 0.450859 0.005371 0.191719
7.0 0.446401 0.425371 0.008857 0.110078
6.0 0.322612 0.30625 0.004131 0.097969
0.0 0.004878 0.33970750000000005 0.008604 0.135078
0.0 0.56833 0.7551955000000001 0.049648 0.276094
0.0 0.513486 0.7234375000000002 0.043145 0.36875
6.0 0.536743 0.37837900000000013 0.002939 0.103828
