7.0 0.073789 0.3316795 0.006523 0.206406
1.0 0.610591 0.413476 0.018467 0.12
0.0 0.547324 0.466855 0.00834 0.056797
0.0 0.984326 0.20394550000000006 0.024277 0.198906
0.0 0.361719 0.754492 0.079492 0.327344
0.0 0.428403 0.6748045 0.019307 0.249219
6.0 0.668057 0.6875200000000001 0.028008 0.414297
6.0 0.608159 0.5154295000000001 0.007119 0.234375
0.0 0.00397 0.2585545000000001 0.007939 0.15375
0.0 0.056528 0.4381450000000001 0.026201 0.228359
0.0 0.881289 0.6699415000000001 0.109336 0.440078
6.0 0.948447 0.16703200000000007 0.007637 0.206406
0.0 0.942578 0.6308005 0.051621 0.492266
7.0 0.961313 0.36859450000000005 0.011846 0.313594
0.0 0.988569 0.3777925000000001 0.022861 0.250547
0.0 0.452056 0.5108005000000001 0.015596 0.211797
0.0 0.462881 0.523633 0.013223 0.079375
0.0 0.465898 0.5263870000000002 0.012031 0.076953
