6.0 0.069048 0.3149800000000001 0.004053 0.095078
7.0 0.98355 0.5783005000000001 0.010244 0.366016
7.0 0.975288 0.3663670000000001 0.005166 0.147187
7.0 0.965498 0.34574200000000005 0.004629 0.151094
0.0 0.493779 0.7885930000000001 0.032285 0.267813
0.0 0.503027 0.6680665000000001 0.028711 0.190234
0.0 0.512954 0.46392550000000005 0.025986 0.209297
0.0 0.554478 0.5088085000000001 0.018838 0.108828
0.0 0.603071 0.5004880000000002 0.020264 0.110234
0.0 0.63853 0.4800970000000001 0.016904 0.112734
0.0 0.163911 0.3887500000000001 0.017686 0.112344
0.0 0.061392 0.33625000000000005 0.009014 0.085938
0.0 0.126968 0.38886700000000013 0.0221 0.133594
6.0 0.055186 0.31632850000000007 0.004434 0.105
7.0 0.257197 0.3388285000000001 0.005 0.068437
7.0 0.387925 0.2651755000000001 0.005967 0.089766
6.0 0.51271 0.472657 0.004971 0.110937
6.0 0.519746 0.46433650000000004 0.005293 0.108594
