7.0 0.07415 0.329629 0.006523 0.208516
1.0 0.610479 0.41599600000000003 0.018887 0.120859
0.0 0.546396 0.4631635000000001 0.008555 0.057813
0.0 0.984951 0.20640700000000006 0.024277 0.198906
0.0 0.347227 0.7480465000000001 0.086445 0.335938
0.0 0.426187 0.6789655000000001 0.020752 0.259453
6.0 0.677964 0.6898045 0.029814 0.413594
6.0 0.609624 0.5158990000000001 0.00708 0.233906
0.0 0.003843 0.27103450000000007 0.007686 0.153672
0.0 0.052715 0.4232035000000001 0.023477 0.216406
0.0 0.885649 0.6701755 0.106396 0.439766
6.0 0.949268 0.1771675 0.007559 0.200078
0.0 0.944072 0.6375970000000001 0.049941 0.483203
7.0 0.962065 0.3743365000000001 0.011592 0.3075
0.0 0.988652 0.3842965000000001 0.022695 0.248125
0.0 0.451514 0.5030665000000002 0.015664 0.221172
0.0 0.462397 0.5228125000000001 0.013232 0.079375
0.0 0.465024 0.5214655000000001 0.012021 0.076953
