0.0 0.485063 0.49521550000000003 0.012314 0.149609
0.0 0.745913 0.27584050000000004 0.013057 0.136172
0.0 0.506274 0.5279095000000001 0.013057 0.146797
0.0 0.008149 0.4919335000000001 0.016299 0.266484
0.0 0.024082 0.40117150000000007 0.012578 0.13875
0.0 0.212603 0.5022460000000001 0.012705 0.137734
0.0 0.25395 0.6424615000000001 0.018857 0.212656
0.0 0.252915 0.4491595000000001 0.010127 0.130703
0.0 0.255801 0.30326200000000003 0.012305 0.068828
0.0 0.056157 0.6983005000000001 0.035342 0.353828
0.0 0.459346 0.7563085000000002 0.032949 0.321797
0.0 0.27501 0.5498830000000001 0.02166 0.265781
0.0 0.698911 0.41810500000000006 0.015615 0.128984
0.0 0.760161 0.4645120000000001 0.020186 0.208984
