0.0 0.016289 0.3209575000000001 0.011816 0.109141
0.0 0.50731 0.5331250000000001 0.024912 0.225313
0.0 0.507998 0.7574215000000002 0.042637 0.31125
0.0 0.399824 0.3941410000000001 0.01418 0.087656
2.0 0.023843 0.22585900000000003 0.018271 0.185
0.0 0.043491 0.47986300000000004 0.029229 0.321641
1.0 0.463418 0.3390625 0.044121 0.639844
0.0 0.015288 0.6881635 0.030576 0.414531
6.0 0.511494 0.3085930000000001 0.003906 0.086563
6.0 0.519673 0.30941350000000006 0.004346 0.090469
2.0 0.013525 0.20365300000000006 0.012109 0.148359
