0.0 0.982866 0.33378850000000004 0.015518 0.202344
6.0 0.512769 0.680722 0.018584 0.425703
6.0 0.591641 0.4069135 0.007891 0.240469
0.0 0.005322 0.4133005000000001 0.010645 0.153672
0.0 0.425859 0.7087300000000001 0.044902 0.388359
0.0 0.780952 0.7298830000000002 0.145635 0.360156
6.0 0.923804 0.33519550000000004 0.010654 0.328906
0.0 0.914302 0.6739840000000001 0.085518 0.433125
7.0 0.948706 0.5800585 0.014248 0.416172
0.0 0.989033 0.4362115 0.021934 0.312031
0.0 0.458853 0.4042180000000001 0.015068 0.184531
0.0 0.469795 0.4256635000000001 0.013223 0.079375
0.0 0.472158 0.4341595000000001 0.012031 0.076953
