6.0 0.950137 0.301153 0.005293 0.168359
6.0 0.922134 0.45250000000000007 0.008721 0.326406
0.0 0.470825 0.5532805000000001 0.011787 0.144687
0.0 0.48771 0.5082220000000001 0.01126 0.132578
0.0 0.015347 0.6820120000000002 0.030186 0.423984
6.0 0.145947 0.5043550000000001 0.006602 0.236328
7.0 0.151021 0.5140825 0.008525 0.216641
4.0 0.151729 0.6440425000000001 0.013516 0.183203
0.0 0.071045 0.3198445000000001 0.012422 0.066094
0.0 0.11522 0.33115300000000003 0.013408 0.068359
0.0 0.015889 0.2899030000000001 0.00916 0.085859
0.0 0.081572 0.3388285000000001 0.010625 0.0625
0.0 0.084067 0.660274 0.044893 0.309531
2.0 0.57084 0.3986530000000001 0.093926 0.791641
0.0 0.50625 0.5933005000000001 0.017949 0.203516
