0.0 0.056772 0.4135345 0.017256 0.125703
0.0 0.132324 0.6659575000000001 0.045508 0.326172
0.0 0.397026 0.7227340000000001 0.043057 0.290781
0.0 0.314551 0.5016010000000002 0.02752 0.138437
2.0 0.456523 0.3994135 0.024668 0.197812
2.0 0.43875 0.41060500000000005 0.041543 0.265547
6.0 0.260752 0.6545905000000002 0.008223 0.258984
6.0 0.258027 0.6280465000000001 0.005645 0.245
0.0 0.239224 0.45748000000000005 0.027002 0.148359
0.0 0.305591 0.4522075 0.020713 0.107734
0.0 0.452935 0.5082220000000001 0.019521 0.171172
6.0 0.399536 0.5124415000000001 0.005283 0.170234
0.0 0.007842 0.483262 0.01416 0.166328
0.0 0.509102 0.5661130000000001 0.015547 0.166641
6.0 0.078105 0.37357450000000003 0.004707 0.102266
