0.0 0.982295 0.317617 0.016914 0.207344
0.0 0.437417 0.5516995000000001 0.021299 0.194922
6.0 0.524102 0.680722 0.018574 0.425703
6.0 0.591665 0.4074415 0.007471 0.233203
0.0 0.005264 0.4074415 0.010527 0.153672
0.0 0.410674 0.7279495000000001 0.055078 0.362734
0.0 0.778203 0.7263085000000001 0.14502 0.364922
6.0 0.926738 0.3174415000000001 0.010195 0.305391
0.0 0.914893 0.6654880000000001 0.086816 0.444609
7.0 0.948916 0.5672845000000001 0.014453 0.419609
0.0 0.988755 0.4345705000000001 0.02249 0.309844
0.0 0.458853 0.4096675000000001 0.015068 0.181797
0.0 0.469595 0.42800800000000006 0.013232 0.079375
0.0 0.472026 0.436855 0.012021 0.076953
