7.0 0.067993 0.36572200000000005 0.006533 0.172734
0.0 0.980444 0.2651170000000001 0.021475 0.22375
0.0 0.431973 0.6679495000000001 0.023125 0.233047
0.0 0.442231 0.5400385 0.018174 0.133438
6.0 0.565933 0.680722 0.018584 0.425703
6.0 0.595142 0.4142965000000001 0.006494 0.2175
0.0 0.004927 0.3515425 0.009854 0.153672
0.0 0.259111 0.8459575000000001 0.093125 0.205391
0.0 0.802861 0.7094335000000002 0.143027 0.387422
6.0 0.93436 0.27783250000000004 0.00874 0.303047
0.0 0.920322 0.6380080000000001 0.076543 0.482031
7.0 0.952246 0.4836130000000001 0.014453 0.404766
0.0 0.987988 0.4121875000000001 0.024023 0.297031
0.0 0.458101 0.44699200000000006 0.015068 0.183438
0.0 0.468345 0.46597600000000006 0.013232 0.079375
0.0 0.471582 0.4454095 0.012031 0.076953
