6.0 0.644238 0.42660100000000006 0.004551 0.14375
7.0 0.348062 0.7380865000000001 0.012822 0.349219
0.0 0.429111 0.5688085000000002 0.021191 0.114141
7.0 0.20478 0.5248630000000001 0.012139 0.330859
6.0 0.220288 0.485722 0.00585 0.224766
6.0 0.220762 0.614863 0.008926 0.392422
6.0 0.227896 0.6359575000000001 0.007705 0.371641
6.0 0.243916 0.5979880000000001 0.00918 0.350547
6.0 0.336812 0.6414070000000001 0.009717 0.378125
0.0 0.444277 0.4800385000000001 0.018184 0.089844
0.0 0.444072 0.5182420000000001 0.018125 0.075156
0.0 0.432202 0.5099800000000001 0.022041 0.121172
