0.0 0.041313 0.34070350000000005 0.007803 0.065781
0.0 0.136724 0.6817780000000001 0.041025 0.260234
0.0 0.382715 0.6790825 0.046016 0.305234
0.0 0.461538 0.48677800000000004 0.013311 0.132734
0.0 0.363013 0.46873 0.020225 0.109766
2.0 0.449512 0.3927340000000001 0.019551 0.1875
6.0 0.333149 0.6212500000000002 0.006455 0.220937
6.0 0.324209 0.6051955000000001 0.006211 0.207187
0.0 0.302695 0.44875 0.025039 0.117344
0.0 0.347896 0.4421290000000001 0.019951 0.096016
0.0 0.474941 0.41951200000000005 0.010801 0.101328
6.0 0.428076 0.465859 0.005312 0.127188
0.0 0.008428 0.4725970000000001 0.01416 0.166328
0.0 0.508115 0.5635345 0.015371 0.169453
6.0 0.094331 0.40685500000000013 0.005537 0.126172
6.0 0.080679 0.36671800000000004 0.00335 0.088125
