7.0 0.066543 0.37421800000000005 0.006523 0.164219
0.0 0.981016 0.28123 0.020078 0.218672
0.0 0.436138 0.600274 0.021299 0.225469
6.0 0.551743 0.680722 0.018584 0.425703
6.0 0.593579 0.3997660000000001 0.006533 0.217188
0.0 0.005098 0.38687500000000014 0.010195 0.15375
0.0 0.343447 0.8296090000000002 0.081309 0.227187
0.0 0.790684 0.7153510000000001 0.143633 0.379531
6.0 0.932017 0.2900200000000001 0.009189 0.303828
0.0 0.917729 0.6464455000000001 0.083545 0.470469
7.0 0.951221 0.5093950000000002 0.014453 0.409297
0.0 0.98813 0.4308205 0.02374 0.304844
0.0 0.458853 0.4221490000000001 0.015068 0.175625
0.0 0.469146 0.43345750000000005 0.013232 0.079297
0.0 0.471719 0.4428325 0.012031 0.076953
