7.0 0.539893 0.372403 0.004551 0.058828
6.0 0.125796 0.501718 0.008916 0.292813
6.0 0.570166 0.6681250000000002 0.010098 0.353437
6.0 0.558101 0.5685745000000001 0.00708 0.257734
6.0 0.577749 0.5600200000000001 0.006494 0.288047
6.0 0.582407 0.5988085000000002 0.006553 0.327891
0.0 0.430786 0.4121290000000001 0.016514 0.113984
0.0 0.434429 0.7354495 0.047939 0.346953
6.0 0.297119 0.36507850000000003 0.005371 0.184219
7.0 0.325601 0.373516 0.008857 0.110156
0.0 0.409126 0.3772660000000001 0.017412 0.146406
6.0 0.398247 0.3483790000000001 0.004131 0.124922
0.0 0.47021 0.4824415000000001 0.018877 0.156797
0.0 0.978438 0.294238 0.008242 0.090859
0.0 0.513486 0.7234375000000002 0.043145 0.36875
6.0 0.526567 0.36542950000000013 0.002939 0.082656
