6.0 0.447559 0.520528 0.006406 0.199297
7.0 0.283018 0.6056050000000001 0.006934 0.316641
5.0 0.640322 0.358105 0.008203 0.184766
5.0 0.634487 0.36209050000000004 0.005752 0.178516
0.0 0.668091 0.18003850000000005 0.012471 0.141719
4.0 0.609849 0.3488470000000001 0.014072 0.193203
4.0 0.596709 0.3030865 0.010332 0.157344
5.0 0.628687 0.315625 0.006924 0.174844
0.0 0.011055 0.3472660000000001 0.00752 0.065937
6.0 0.554033 0.6348445 0.014629 0.484844
7.0 0.276665 0.6189655000000001 0.004678 0.332109
6.0 0.508877 0.4138285 0.004844 0.110938
6.0 0.517104 0.40257850000000006 0.005498 0.116875
4.0 0.272896 0.7140625 0.023721 0.20375
