0.0 0.978032 0.3712885000000001 0.013682 0.193281
0.0 0.926782 0.6846490000000001 0.063721 0.415781
0.0 0.891377 0.6765040000000001 0.051113 0.423516
0.0 0.089229 0.7771089999999999 0.057871 0.294844
0.0 0.446689 0.7199215000000001 0.035957 0.3125
0.0 0.480747 0.44095750000000006 0.010908 0.110859
2.0 0.007197 0.17740300000000003 0.005176 0.058203
2.0 0.0121 0.18443350000000003 0.005508 0.083359
0.0 0.007119 0.22960900000000004 0.00377 0.036406
0.0 0.002852 0.2132035 0.003516 0.025938
0.0 0.012695 0.7203910000000001 0.025391 0.372812
0.0 0.991602 0.6988285000000001 0.016797 0.401563
0.0 0.012446 0.2767195 0.006533 0.048125
0.0 0.518193 0.36572200000000005 0.008301 0.091797
0.0 0.50481 0.7508005 0.039795 0.332266
0.0 0.505825 0.4471675000000001 0.018643 0.104766
0.0 0.018857 0.3323830000000001 0.009453 0.088125
0.0 0.533838 0.496738 0.022402 0.293672
0.0 0.028667 0.4132420000000001 0.013818 0.147813
