0.0 0.523809 0.24484300000000003 0.012129 0.082187
6.0 0.265308 0.7958005 0.009014 0.182109
0.0 0.501401 0.7954494999999999 0.058857 0.272734
0.0 0.480674 0.633262 0.025039 0.265234
0.0 0.390781 0.3948430000000001 0.017344 0.099375
0.0 0.455483 0.34123000000000003 0.014424 0.093828
0.0 0.016328 0.7007620000000001 0.032656 0.398984
6.0 0.229038 0.48238300000000006 0.002354 0.076562
6.0 0.237612 0.484141 0.001963 0.069531
0.0 0.49647 0.273847 0.015186 0.102578
6.0 0.11562 0.3303910000000001 0.002354 0.064844
0.0 0.988726 0.7003510000000001 0.022549 0.399531
