0.0 0.983789 0.2141995 0.005547 0.048984
0.0 0.989673 0.24707050000000005 0.006885 0.065781
6.0 0.958262 0.26377 0.002598 0.114766
6.0 0.961104 0.26587900000000003 0.002578 0.114141
0.0 0.505996 0.37169950000000007 0.005605 0.065391
7.0 0.395396 0.3245305000000001 0.004482 0.05875
7.0 0.303418 0.296641 0.00748 0.112656
6.0 0.529468 0.38283250000000013 0.003525 0.081641
6.0 0.30876 0.6641995 0.010937 0.396172
6.0 0.79416 0.7434760000000001 0.012969 0.324219
6.0 0.687832 0.6687700000000001 0.011426 0.433984
6.0 0.748574 0.713008 0.012324 0.382656
6.0 0.799243 0.6658405000000001 0.009893 0.439609
0.0 0.380854 0.3564055000000001 0.014814 0.077187
6.0 0.385801 0.4723045 0.005371 0.191719
7.0 0.446211 0.421855 0.008848 0.110078
6.0 0.315415 0.30191350000000006 0.004131 0.097969
0.0 0.543384 0.6200785000000001 0.025557 0.238438
0.0 0.513486 0.7234375000000002 0.043145 0.36875
6.0 0.536743 0.37837900000000013 0.002939 0.103828
