6.0 0.394873 0.7058590000000001 0.008301 0.373437
6.0 0.401006 0.6735160000000001 0.007559 0.249062
6.0 0.407314 0.665254 0.011094 0.247422
6.0 0.418677 0.5928910000000001 0.008096 0.223438
7.0 0.166445 0.522754 0.008262 0.280703
5.0 0.757769 0.32130850000000005 0.009482 0.256484
5.0 0.753467 0.3393550000000001 0.011816 0.259141
4.0 0.726445 0.38218750000000007 0.01127 0.257344
4.0 0.69144 0.28240300000000007 0.010732 0.261016
6.0 0.772964 0.504766 0.023135 0.655313
7.0 0.157773 0.525625 0.008086 0.282188
6.0 0.516982 0.520117 0.006445 0.20125
6.0 0.527524 0.45877 0.007119 0.140547
4.0 0.162124 0.6207820000000001 0.021846 0.169375
