7.0 0.469609 0.4670320000000001 0.004141 0.130469
4.0 0.469521 0.533008 0.003594 0.085156
0.0 0.016475 0.6718750000000001 0.032949 0.4375
2.0 0.056265 0.3230665 0.017686 0.170078
0.0 0.056592 0.597871 0.024707 0.259609
0.0 0.091304 0.7478125000000001 0.066162 0.33625
6.0 0.201982 0.3908005000000001 0.003496 0.092578
0.0 0.286401 0.8840425000000002 0.097471 0.154609
0.0 0.420435 0.6799030000000001 0.075439 0.426797
0.0 0.504888 0.7455280000000001 0.034365 0.339297
7.0 0.568076 0.5378710000000001 0.006855 0.274609
4.0 0.569302 0.6361330000000002 0.016045 0.140156
7.0 0.55291 0.5218165000000001 0.007246 0.237891
6.0 0.70625 0.42455050000000005 0.00293 0.095859
