6.0 0.112285 0.5121490000000001 0.01252 0.343125
6.0 0.179131 0.646738 0.013437 0.471016
6.0 0.215942 0.6598045 0.008779 0.395
6.0 0.708276 0.5771875000000001 0.025264 0.56375
6.0 0.616831 0.5232805 0.01126 0.40375
6.0 0.197642 0.6691210000000002 0.011689 0.441172
6.0 0.220767 0.6634375000000001 0.008271 0.389219
6.0 0.225781 0.6886915 0.010371 0.415078
6.0 0.244106 0.7264255000000002 0.012568 0.356484
6.0 0.257046 0.6950785 0.011689 0.406563
6.0 0.268105 0.7008790000000001 0.011387 0.385078
6.0 0.286284 0.7434175000000002 0.009971 0.319922
6.0 0.309854 0.755137 0.013379 0.320703
6.0 0.328022 0.6797845 0.009521 0.426953
6.0 0.337593 0.6965425000000002 0.009209 0.404609
6.0 0.341675 0.6818365000000001 0.010146 0.424219
6.0 0.350791 0.669355 0.010352 0.375703
6.0 0.366558 0.6026755000000001 0.00751 0.301328
6.0 0.386558 0.6595705000000002 0.011729 0.343906
6.0 0.385044 0.6306250000000001 0.009287 0.24375
6.0 0.396372 0.6460945000000001 0.012373 0.25375
6.0 0.404282 0.585508 0.010498 0.270625
6.0 0.412368 0.600391 0.00751 0.209375
6.0 0.414746 0.5997460000000001 0.006445 0.208828
6.0 0.566152 0.6051370000000001 0.011777 0.495078
6.0 0.574448 0.5671090000000001 0.01126 0.502188
6.0 0.556831 0.620488 0.00751 0.382109
6.0 0.542793 0.5844535000000001 0.01127 0.395313
6.0 0.947432 0.402403 0.006992 0.269609
