6.0 0.962417 0.40755850000000005 0.009639 0.276484
6.0 0.516587 0.44195350000000005 0.006357 0.173281
6.0 0.091152 0.48882850000000005 0.008789 0.250313
6.0 0.096074 0.5423830000000002 0.00707 0.221406
6.0 0.119937 0.551641 0.008389 0.307031
6.0 0.104976 0.5429680000000001 0.009072 0.330625
6.0 0.123657 0.5681050000000001 0.009932 0.305234
6.0 0.137104 0.5740240000000001 0.007432 0.341406
6.0 0.141763 0.6545320000000001 0.011182 0.373906
6.0 0.160166 0.7123045000000001 0.008496 0.338281
6.0 0.17688 0.7524414999999999 0.010967 0.330078
6.0 0.165708 0.6878125 0.010557 0.398438
6.0 0.202954 0.7608790000000002 0.010615 0.318828
6.0 0.220205 0.7401955000000001 0.011582 0.331562
6.0 0.945312 0.46398400000000006 0.010156 0.549063
6.0 0.933325 0.5405665000000001 0.009912 0.609922
6.0 0.928608 0.5328325000000002 0.012354 0.611484
6.0 0.932017 0.6036715000000001 0.016631 0.517031
6.0 0.891108 0.5800585 0.02249 0.559922
6.0 0.904731 0.5660545 0.026885 0.572812
6.0 0.786084 0.6749215000000001 0.020898 0.43125
6.0 0.864272 0.5743750000000002 0.020479 0.561719
6.0 0.839331 0.5591410000000001 0.023115 0.583594
6.0 0.745742 0.7088470000000001 0.029316 0.388203
6.0 0.783682 0.6326170000000001 0.025332 0.489844
6.0 0.649229 0.5395705000000001 0.022695 0.613906
6.0 0.697573 0.678145 0.021553 0.429141
6.0 0.66127 0.5612500000000001 0.014727 0.572656
6.0 0.625 0.5674615000000001 0.027344 0.576719
6.0 0.595767 0.6127540000000001 0.014072 0.479766
6.0 0.583511 0.6476755000000002 0.017939 0.365078
6.0 0.573203 0.6095320000000001 0.012656 0.324687
6.0 0.564692 0.5273830000000002 0.006514 0.355156
6.0 0.557793 0.542617 0.006523 0.301719
6.0 0.552217 0.49790950000000006 0.005605 0.306641
6.0 0.548481 0.5012500000000001 0.005283 0.305156
6.0 0.54311 0.4733005 0.007236 0.313984
6.0 0.535273 0.47377 0.006191 0.271953
6.0 0.53144 0.483262 0.007373 0.272891
6.0 0.246797 0.6763870000000001 0.012402 0.431484
6.0 0.32417 0.6702925000000001 0.010645 0.432891
6.0 0.253857 0.7274800000000001 0.01082 0.359453
6.0 0.265894 0.6739840000000001 0.011182 0.412344
6.0 0.260493 0.6925585000000002 0.007334 0.405078
6.0 0.286895 0.6581050000000002 0.009727 0.443359
6.0 0.271465 0.730117 0.010781 0.359844
6.0 0.298184 0.6886915 0.009277 0.409922
6.0 0.971235 0.31410100000000013 0.003955 0.128594
