6.0 0.544785 0.4069135 0.004961 0.164844
0.0 0.521509 0.7062115000000001 0.046045 0.352656
7.0 0.070244 0.550645 0.01498 0.366328
0.0 0.251699 0.44347600000000004 0.02627 0.133594
6.0 0.003208 0.49046800000000007 0.006416 0.332969
6.0 0.010322 0.49421950000000003 0.007285 0.329063
6.0 0.037251 0.4227340000000001 0.008408 0.280625
6.0 0.071719 0.4626955 0.009707 0.361094
0.0 0.28604 0.3693550000000001 0.019268 0.088359
0.0 0.282314 0.4054495 0.018125 0.102578
0.0 0.268569 0.4082035000000001 0.023525 0.143281
