0.0 0.489648 0.370528 0.01334 0.089453
0.0 0.015234 0.31035100000000004 0.009375 0.092969
0.0 0.507275 0.5316595000000001 0.024746 0.223359
0.0 0.50791 0.7574215000000002 0.042637 0.31125
0.0 0.399766 0.3953125000000001 0.014336 0.088594
2.0 0.022559 0.21935500000000002 0.016914 0.176328
0.0 0.036143 0.4348045 0.023574 0.271563
1.0 0.453267 0.366601 0.058115 0.844531
0.0 0.015239 0.6879295000000001 0.030479 0.414531
6.0 0.510698 0.308242 0.003916 0.086563
6.0 0.518315 0.30976600000000004 0.004346 0.090469
2.0 0.013232 0.2017195 0.011738 0.148281
