0.0 0.985605 0.3090040000000001 0.009824 0.114141
0.0 0.973535 0.442363 0.02082 0.234453
0.0 0.961143 0.35822200000000004 0.013906 0.128203
0.0 0.377798 0.866875 0.076045 0.1775
0.0 0.474702 0.5135545000000001 0.015068 0.139219
0.0 0.488765 0.37703200000000003 0.006475 0.0725
2.0 0.009873 0.18097600000000003 0.006016 0.0725
2.0 0.015137 0.1900585 0.006602 0.096797
0.0 0.009497 0.24607450000000006 0.004502 0.045391
0.0 0.005181 0.22117150000000005 0.004326 0.027969
0.0 0.011494 0.7137115 0.022988 0.381719
0.0 0.992056 0.6777340000000001 0.015889 0.384531
0.0 0.016519 0.3165040000000001 0.009521 0.060859
0.0 0.523218 0.4305280000000001 0.014111 0.174141
0.0 0.50481 0.7508005 0.039795 0.332266
0.0 0.505825 0.4471675000000001 0.018643 0.104766
0.0 0.026069 0.3977740000000001 0.015967 0.138906
0.0 0.629653 0.6418750000000001 0.119658 0.4775
0.0 0.515527 0.3150970000000001 0.006445 0.068047
0.0 0.050156 0.5834575000000001 0.033359 0.268828
