0.0 0.657554 0.333028 0.016611 0.141016
6.0 0.639087 0.321133 0.004541 0.14375
7.0 0.282495 0.6910345000000001 0.012803 0.391172
0.0 0.404043 0.4168165 0.021348 0.115391
7.0 0.165337 0.5388085000000001 0.006064 0.237891
6.0 0.182979 0.5370505 0.00584 0.224766
6.0 0.169409 0.6999415000000001 0.008721 0.397891
6.0 0.176152 0.7057420000000001 0.007695 0.384844
6.0 0.195332 0.6422845 0.00918 0.401172
6.0 0.271724 0.573613 0.009717 0.365859
0.0 0.424414 0.3180865 0.018184 0.089844
0.0 0.421543 0.338008 0.018125 0.077031
0.0 0.404072 0.42302800000000007 0.022793 0.126953
