0.0 0.490142 0.289141 0.015322 0.099219
0.0 0.379014 0.46363300000000013 0.023262 0.127656
6.0 0.266792 0.735097 0.007412 0.278047
0.0 0.501401 0.7954494999999999 0.058857 0.272734
0.0 0.480674 0.633262 0.025039 0.265234
0.0 0.344067 0.42056650000000007 0.015557 0.079453
0.0 0.409683 0.3878125000000001 0.01499 0.100781
0.0 0.016787 0.7007620000000001 0.033574 0.398984
6.0 0.226343 0.48191350000000005 0.002217 0.076562
6.0 0.234731 0.4844920000000001 0.001963 0.069531
0.0 0.453564 0.31826200000000004 0.01627 0.114141
6.0 0.114731 0.3303910000000001 0.002354 0.064844
0.0 0.988726 0.7003510000000001 0.022549 0.399531
