7.0 0.076318 0.35898400000000014 0.006523 0.194375
1.0 0.610308 0.3912700000000001 0.021787 0.131797
0.0 0.540225 0.42695350000000004 0.009902 0.063594
0.0 0.986416 0.296641 0.024277 0.198906
0.0 0.21083 0.7046875 0.123613 0.39375
0.0 0.409043 0.6923245000000001 0.032734 0.334141
0.0 0.425879 0.5040040000000001 0.015195 0.119453
6.0 0.748311 0.6958405000000001 0.024062 0.405547
6.0 0.619209 0.4889455000000001 0.006934 0.232031
0.0 0.003062 0.3458590000000001 0.006123 0.15375
0.0 0.039326 0.39607450000000005 0.018672 0.154141
0.0 0.911826 0.692149 0.08877 0.410469
6.0 0.955498 0.2856835 0.007168 0.196172
0.0 0.953066 0.678262 0.039863 0.428984
7.0 0.966865 0.449278 0.01002 0.271172
0.0 0.98915 0.4233205 0.021699 0.234062
0.0 0.447476 0.45103450000000006 0.016123 0.272734
0.0 0.459204 0.463282 0.013232 0.079375
0.0 0.459043 0.4527925 0.012031 0.076953
