0.0 0.981865 0.3398245000000001 0.01418 0.151797
0.0 0.973706 0.288262 0.010049 0.085078
0.0 0.450342 0.6830080000000002 0.031738 0.278906
0.0 0.483794 0.44089900000000004 0.009678 0.08875
2.0 0.012251 0.183028 0.006357 0.083828
2.0 0.018467 0.19972600000000004 0.008281 0.113594
0.0 0.011328 0.2587885 0.005078 0.052344
0.0 0.006904 0.237226 0.005078 0.032031
0.0 0.010161 0.6933790000000001 0.020322 0.374453
0.0 0.993193 0.6248830000000001 0.013613 0.341875
0.0 0.022476 0.37767550000000005 0.013252 0.097266
0.0 0.536372 0.5580280000000001 0.024561 0.275859
0.0 0.50481 0.7508005 0.039795 0.332266
0.0 0.505825 0.4471675000000001 0.018643 0.104766
0.0 0.040718 0.5278510000000001 0.026045 0.234219
7.0 0.594995 0.21648400000000007 0.002197 0.079063
0.0 0.923608 0.6147460000000001 0.068936 0.510547
0.0 0.517363 0.35113300000000003 0.008398 0.104531
0.0 0.127065 0.8372844999999999 0.083232 0.213047
