6.0 0.264463 0.799024 0.008984 0.175156
0.0 0.501401 0.7954494999999999 0.058857 0.272734
0.0 0.480674 0.633262 0.025039 0.265234
0.0 0.427568 0.3643165000000001 0.017344 0.099297
0.0 0.488325 0.3054880000000001 0.013545 0.086484
0.0 0.015767 0.7007620000000001 0.031533 0.398984
6.0 0.230869 0.48238300000000006 0.002539 0.076562
6.0 0.240688 0.484141 0.001963 0.069531
0.0 0.520835 0.24941350000000007 0.014424 0.094375
6.0 0.116255 0.3303910000000001 0.002354 0.064844
0.0 0.988726 0.7003510000000001 0.022549 0.399531
