6.0 0.069048 0.3149800000000001 0.004053 0.095078
7.0 0.995762 0.498145 0.008457 0.361797
7.0 0.971069 0.355117 0.005166 0.147188
0.0 0.493779 0.7844334999999999 0.032363 0.273672
0.0 0.503027 0.6680665000000001 0.028711 0.190234
0.0 0.526953 0.461758 0.027148 0.197969
0.0 0.571177 0.505762 0.018838 0.119766
0.0 0.611802 0.49210900000000013 0.020264 0.110313
0.0 0.640742 0.4795705000000001 0.01668 0.109219
0.0 0.133081 0.3992965000000001 0.025869 0.124531
0.0 0.061392 0.33625000000000005 0.009014 0.085938
0.0 0.126968 0.38886700000000013 0.0221 0.133594
6.0 0.056357 0.32470750000000004 0.004883 0.113203
7.0 0.265894 0.3221875 0.00501 0.068438
7.0 0.392749 0.28363300000000014 0.006182 0.096719
6.0 0.509092 0.4686130000000001 0.00498 0.110234
6.0 0.516187 0.46187500000000004 0.005283 0.108594
