6.0 0.186147 0.6867580000000001 0.012139 0.415156
6.0 0.268062 0.7635160000000001 0.0129 0.3125
6.0 0.277881 0.7697845 0.011816 0.306953
6.0 0.32791 0.7708989999999999 0.014297 0.305469
7.0 0.102041 0.4322845000000001 0.00666 0.158203
4.0 0.88543 0.3058990000000001 0.010391 0.177031
6.0 0.958481 0.5059960000000001 0.00999 0.471172
7.0 0.095762 0.43146550000000006 0.005547 0.162109
6.0 0.556934 0.666367 0.014844 0.430312
6.0 0.558975 0.5432035000000001 0.00918 0.2325
4.0 0.098467 0.4943950000000001 0.013281 0.086484
