6.0 0.291152 0.6078325 0.009492 0.418828
6.0 0.345176 0.6786715 0.0075 0.3675
6.0 0.365767 0.7033990000000001 0.010127 0.395469
6.0 0.375098 0.6864070000000001 0.008203 0.311875
6.0 0.573145 0.556504 0.012324 0.392734
6.0 0.576348 0.45648400000000006 0.009355 0.238594
6.0 0.384888 0.658282 0.007588 0.313438
6.0 0.3923 0.6934960000000001 0.010908 0.382109
6.0 0.404727 0.6570505000000001 0.010273 0.333828
6.0 0.412554 0.6167380000000001 0.008936 0.242891
6.0 0.420874 0.5993365 0.010596 0.207344
6.0 0.432251 0.5941210000000001 0.007451 0.263828
6.0 0.438877 0.5606635000000001 0.006562 0.242656
6.0 0.453164 0.541621 0.005039 0.203203
6.0 0.44874 0.5229295000000002 0.007969 0.159219
6.0 0.545288 0.4939255000000001 0.00708 0.244766
6.0 0.551255 0.4881835 0.007139 0.231172
6.0 0.85627 0.594472 0.022148 0.540703
