7.0 0.521792 0.43410100000000007 0.004229 0.156094
6.0 0.517114 0.425782 0.003506 0.113438
0.0 0.445405 0.7513285000000002 0.046729 0.331562
0.0 0.47626 0.5948245 0.022246 0.231641
0.0 0.482554 0.4690240000000001 0.015674 0.229062
6.0 0.299209 0.649258 0.012246 0.449531
6.0 0.326943 0.6454495000000001 0.012129 0.353984
0.0 0.017021 0.3752155000000001 0.010566 0.090859
0.0 0.024253 0.3902155000000001 0.010869 0.125547
0.0 0.033179 0.5111530000000001 0.017783 0.159297
0.0 0.062979 0.6187300000000001 0.05002 0.477109
0.0 0.236733 0.6625585000000002 0.192861 0.449922
6.0 0.182349 0.62248 0.011709 0.458516
6.0 0.185166 0.6337300000000001 0.013828 0.441328
