6.0 0.943794 0.31785100000000005 0.005889 0.185
6.0 0.894526 0.5544535 0.009873 0.405781
0.0 0.478633 0.4880665000000001 0.009219 0.106641
0.0 0.491846 0.46375 0.01002 0.098594
0.0 0.018784 0.6902155000000001 0.036904 0.413047
6.0 0.171055 0.568984 0.006895 0.255781
7.0 0.151836 0.556504 0.008555 0.255391
0.0 0.199668 0.30806650000000013 0.011855 0.065703
4.0 0.151899 0.6793750000000001 0.017432 0.180313
0.0 0.074746 0.3690625 0.012422 0.066094
0.0 0.099834 0.3455665 0.013965 0.070391
0.0 0.018169 0.3290425000000001 0.011201 0.101172
0.0 0.070312 0.365488 0.009004 0.058359
0.0 0.256802 0.8737299999999999 0.086357 0.168359
2.0 0.60939 0.24003850000000002 0.163057 0.986719
0.0 0.505869 0.6107035000000002 0.019082 0.212031
