0.0 0.97855 0.37738300000000014 0.016807 0.184688
0.0 0.968643 0.318028 0.011309 0.096016
0.0 0.423687 0.7896490000000002 0.054346 0.280469
0.0 0.480239 0.47236300000000003 0.011924 0.109766
0.0 0.490024 0.35722600000000004 0.005127 0.05875
2.0 0.011064 0.182032 0.006191 0.078125
2.0 0.016309 0.19216750000000002 0.007012 0.101953
0.0 0.010415 0.25246150000000006 0.004795 0.048906
0.0 0.006045 0.2291995 0.004707 0.030078
0.0 0.01083 0.71002 0.02166 0.386641
0.0 0.992627 0.6513085000000001 0.014746 0.363203
0.0 0.019497 0.3470905 0.011396 0.078984
0.0 0.528027 0.4779880000000001 0.017188 0.199141
0.0 0.50481 0.7508005 0.039795 0.332266
0.0 0.505825 0.4471675000000001 0.018643 0.104766
0.0 0.03186 0.44845750000000006 0.02126 0.180234
0.0 0.843213 0.6300970000000001 0.118457 0.492109
0.0 0.51605 0.3286915 0.007002 0.082891
0.0 0.075308 0.7260745000000001 0.048604 0.321797
