6.0 0.069048 0.3149800000000001 0.004053 0.095078
7.0 0.835327 0.773242 0.028857 0.302344
7.0 0.983716 0.36343750000000014 0.004912 0.147187
0.0 0.493779 0.8042965000000002 0.032285 0.246875
0.0 0.503027 0.6680665000000001 0.028711 0.190234
0.0 0.472705 0.5183590000000001 0.030762 0.307812
0.0 0.509775 0.521524 0.016621 0.115156
0.0 0.557412 0.5062300000000001 0.02541 0.110234
0.0 0.610132 0.5000200000000001 0.018975 0.105703
0.0 0.223081 0.33320350000000004 0.010811 0.06875
0.0 0.061392 0.33625000000000005 0.009014 0.085938
0.0 0.126968 0.38886700000000013 0.0221 0.133594
6.0 0.055791 0.30191350000000006 0.00377 0.095625
7.0 0.376143 0.222754 0.005332 0.069141
6.0 0.526299 0.4860160000000001 0.00498 0.108125
6.0 0.533267 0.4620505000000001 0.005283 0.108672
