0.0 0.042793 0.6875200000000001 0.043672 0.416641
0.0 0.103457 0.357988 0.022051 0.151797
0.0 0.137998 0.26294950000000006 0.019863 0.139609
6.0 0.358887 0.39560500000000004 0.003613 0.126172
0.0 0.397725 0.7289455000000001 0.02916 0.361406
0.0 0.44106 0.692149 0.030244 0.28875
0.0 0.42667 0.4660930000000001 0.010137 0.098125
0.0 0.409541 0.39191350000000014 0.009453 0.0675
2.0 0.939297 0.28562500000000013 0.016035 0.179688
0.0 0.914624 0.40310500000000005 0.013994 0.139922
6.0 0.783315 0.5241595 0.007881 0.153984
6.0 0.773232 0.5512300000000001 0.00957 0.181797
6.0 0.759673 0.569629 0.006709 0.247266
6.0 0.75438 0.5941795000000001 0.007295 0.267813
4.0 0.52728 0.5712115000000001 0.014404 0.126563
4.0 0.518384 0.5730280000000001 0.012627 0.097109
4.0 0.503208 0.5585545000000001 0.008389 0.096406
