0.0 0.941963 0.673633 0.050156 0.435156
0.0 0.656313 0.541621 0.011006 0.122109
6.0 0.316104 0.43304650000000006 0.008809 0.172031
4.0 0.315864 0.6679495000000001 0.010928 0.141172
6.0 0.851895 0.641758 0.009883 0.452656
6.0 0.841294 0.6688870000000001 0.00917 0.436797
0.0 0.90874 0.46240300000000006 0.012852 0.149141
6.0 0.698071 0.4555465000000001 0.003799 0.149844
0.0 0.628716 0.7509759999999999 0.033721 0.332031
7.0 0.802046 0.6220120000000001 0.008584 0.503984
4.0 0.791133 0.8838085000000001 0.015625 0.154922
7.0 0.800273 0.6691795 0.025527 0.441094
6.0 0.705854 0.477637 0.004443 0.151484
