7.0 0.2402 0.4791595000000001 0.003467 0.073828
0.0 0.364565 0.41066350000000007 0.01917 0.110625
0.0 0.525249 0.272734 0.013877 0.106875
0.0 0.417925 0.3475 0.026592 0.189219
0.0 0.418501 0.3783205000000001 0.017256 0.097812
0.0 0.471582 0.294649 0.019199 0.134219
0.0 0.439434 0.34375000000000006 0.014043 0.094531
0.0 0.502339 0.2890240000000001 0.013799 0.077969
6.0 0.31583 0.7590039999999999 0.006035 0.278828
0.0 0.501401 0.7954494999999999 0.058857 0.272734
0.0 0.480674 0.633262 0.025039 0.265234
0.0 0.016709 0.7007620000000001 0.033418 0.398984
6.0 0.218569 0.47658250000000013 0.002217 0.063828
0.0 0.988726 0.7003510000000001 0.022549 0.399531
