0.0 0.090513 0.4023430000000001 0.010635 0.070156
7.0 0.316045 0.6360745000000001 0.010371 0.339453
4.0 0.316533 0.7679095 0.020137 0.201797
6.0 0.452397 0.4614655000000001 0.004072 0.127891
0.0 0.987632 0.4964455000000001 0.018877 0.200469
4.0 0.848159 0.507637 0.009268 0.167891
0.0 0.016807 0.6987115 0.033613 0.401719
0.0 0.017866 0.3550585 0.014736 0.088203
6.0 0.148716 0.6050785000000001 0.007314 0.302188
0.0 0.029844 0.49380850000000004 0.019824 0.209766
0.0 0.508867 0.749218 0.035938 0.334375
0.0 0.520986 0.42455050000000005 0.010117 0.082578
0.0 0.506553 0.4583005 0.014844 0.112734
4.0 0.909468 0.4278325 0.012998 0.143047
4.0 0.900444 0.44394550000000005 0.012217 0.127969
4.0 0.882876 0.46398400000000006 0.014736 0.149687
