6.0 0.232837 0.5836915000000001 0.011396 0.470703
6.0 0.294937 0.6634960000000001 0.00876 0.414297
6.0 0.31707 0.6518950000000001 0.014082 0.464141
6.0 0.332427 0.6684760000000001 0.009717 0.391719
6.0 0.580117 0.633379 0.01627 0.488828
6.0 0.573813 0.4817965 0.010225 0.254687
6.0 0.320864 0.6628510000000001 0.008213 0.4425
6.0 0.344185 0.6491995 0.008271 0.341016
6.0 0.346865 0.6790240000000002 0.010313 0.427969
6.0 0.35687 0.6525970000000001 0.008662 0.363828
6.0 0.370791 0.6482035 0.010273 0.400312
6.0 0.381333 0.6357220000000001 0.009678 0.273984
6.0 0.393247 0.6351955000000001 0.012139 0.255156
6.0 0.406001 0.5849215 0.007432 0.322344
6.0 0.415039 0.5862115000000001 0.00709 0.290938
6.0 0.434849 0.5451370000000001 0.006123 0.221797
6.0 0.429946 0.524101 0.008486 0.176719
6.0 0.545508 0.5115625 0.008379 0.319375
6.0 0.550303 0.5073445000000001 0.00748 0.278438
6.0 0.902246 0.6224215000000001 0.015449 0.503437
