7.0 0.478613 0.4456450000000001 0.003438 0.110234
4.0 0.478203 0.4922845 0.003535 0.060547
0.0 0.019473 0.6709375000000001 0.038242 0.43875
2.0 0.064204 0.3498445000000001 0.019756 0.219844
0.0 0.071636 0.7054495000000002 0.036357 0.345859
0.0 0.131445 0.7873045000000002 0.105664 0.283594
6.0 0.207705 0.3809575 0.003496 0.092578
0.0 0.372959 0.8236330000000002 0.087578 0.235156
0.0 0.444199 0.6754495000000001 0.051289 0.432734
0.0 0.503145 0.7437115000000001 0.035586 0.341719
7.0 0.559478 0.5319535000000002 0.006592 0.258906
4.0 0.560015 0.6069535 0.014189 0.13875
7.0 0.544907 0.4638085 0.006025 0.144453
6.0 0.692529 0.431875 0.003047 0.09
