0.0 0.483574 0.4220320000000001 0.013945 0.095937
0.0 0.011714 0.2691595000000001 0.008779 0.077109
0.0 0.507168 0.5266795000000001 0.024219 0.216719
0.0 0.507607 0.7574215000000002 0.042637 0.31125
0.0 0.399575 0.39912100000000006 0.014854 0.091484
2.0 0.019038 0.1999615 0.012744 0.142656
0.0 0.023076 0.3300385000000001 0.017227 0.167344
1.0 0.290615 0.2464255 0.323027 0.995234
0.0 0.015083 0.6871675 0.030166 0.414609
6.0 0.508525 0.3069535000000001 0.003574 0.086563
6.0 0.514043 0.309649 0.004238 0.089687
2.0 0.012842 0.19914100000000004 0.01123 0.148281
