0.0 0.015479 0.3146875 0.010645 0.104219
0.0 0.507285 0.5321290000000001 0.024805 0.223984
0.0 0.507939 0.7574215000000002 0.042637 0.31125
0.0 0.399785 0.394903 0.014277 0.088203
2.0 0.022983 0.22152400000000003 0.017373 0.179219
0.0 0.038594 0.449863 0.025449 0.288203
1.0 0.456655 0.35740300000000014 0.053447 0.776328
0.0 0.015254 0.6880465000000001 0.030508 0.414531
6.0 0.510967 0.30835900000000005 0.003906 0.086562
6.0 0.51877 0.309649 0.004355 0.090469
2.0 0.01333 0.20236300000000002 0.011855 0.148359
