0.0 0.464961 0.31656250000000014 0.01627 0.105937
0.0 0.449346 0.4047460000000001 0.023359 0.141016
0.0 0.406719 0.3835345 0.010508 0.087734
0.0 0.508691 0.2760745000000001 0.012695 0.075859
6.0 0.270962 0.7396090000000001 0.006709 0.287813
0.0 0.501401 0.7954494999999999 0.058857 0.272734
0.0 0.480674 0.633262 0.025039 0.265234
0.0 0.376499 0.4134175 0.013721 0.097891
0.0 0.016772 0.7007620000000001 0.033545 0.398984
6.0 0.224097 0.48097600000000007 0.002217 0.075781
6.0 0.232524 0.4846090000000001 0.001963 0.069531
0.0 0.420186 0.3544135000000001 0.016562 0.118281
6.0 0.113345 0.3303910000000001 0.002354 0.064844
0.0 0.988726 0.7003510000000001 0.022549 0.399531
