0.0 0.020596 0.6438085 0.029727 0.407109
0.0 0.041304 0.4237885000000001 0.017197 0.133594
2.0 0.069502 0.4258405 0.025332 0.328047
0.0 0.083247 0.7403710000000001 0.047764 0.346172
0.0 0.18999 0.828907 0.115137 0.228125
6.0 0.20397 0.39203200000000005 0.004033 0.123125
0.0 0.405186 0.7865424999999999 0.072715 0.284609
0.0 0.455996 0.6719920000000001 0.036992 0.437344
0.0 0.497725 0.7404295000000002 0.042227 0.346094
7.0 0.552305 0.5088670000000001 0.006094 0.23
4.0 0.553413 0.5927740000000001 0.013584 0.111719
7.0 0.539829 0.484258 0.005127 0.190781
6.0 0.682646 0.455782 0.002871 0.098594
