0.0 0.489004 0.4725970000000001 0.009316 0.098828
0.0 0.506362 0.5304295000000001 0.013057 0.14875
0.0 0.008203 0.4929880000000001 0.016406 0.267891
0.0 0.032578 0.46867150000000013 0.018848 0.21
0.0 0.235527 0.5317780000000001 0.012715 0.137734
0.0 0.28853 0.6625000000000001 0.022314 0.198281
0.0 0.270767 0.45742150000000004 0.011279 0.123594
0.0 0.267725 0.3283405000000001 0.012305 0.068828
0.0 0.17123 0.9098245000000001 0.078848 0.120234
0.0 0.47709 0.5971090000000001 0.018242 0.205469
0.0 0.300908 0.5396875000000001 0.025566 0.232187
0.0 0.676455 0.3898630000000001 0.013594 0.128984
0.0 0.726362 0.46533250000000004 0.016807 0.208984
