0.0 0.532363 0.5878510000000001 0.028027 0.205781
7.0 0.463979 0.4850200000000001 0.004463 0.150703
4.0 0.463613 0.5478910000000001 0.004258 0.1075
6.0 0.563398 0.5657035000000001 0.00707 0.268281
6.0 0.729131 0.3873430000000001 0.004277 0.097344
0.0 0.015215 0.6722845000000001 0.03043 0.436953
2.0 0.052383 0.3194920000000001 0.016641 0.157813
0.0 0.051294 0.5712115000000001 0.020518 0.222031
0.0 0.074199 0.7346875 0.049844 0.35375
6.0 0.19834 0.3958405 0.003496 0.092578
0.0 0.208369 0.8725000000000002 0.099219 0.17
0.0 0.397632 0.6830080000000002 0.095693 0.422656
0.0 0.505693 0.7463470000000001 0.033809 0.338203
7.0 0.575674 0.5518750000000001 0.006973 0.300156
4.0 0.576294 0.657226 0.018115 0.155469
7.0 0.557554 0.5416795000000001 0.00835 0.275469
6.0 0.714873 0.4052155000000001 0.002871 0.098516
