7.0 0.526597 0.44834050000000003 0.005303 0.201953
6.0 0.519189 0.429766 0.004141 0.12625
0.0 0.389185 0.8412700000000001 0.081592 0.211641
0.0 0.465181 0.706153 0.031943 0.318359
0.0 0.479717 0.4881835 0.017656 0.294141
6.0 0.222334 0.6385345000000001 0.013613 0.473828
6.0 0.260527 0.6610930000000002 0.015137 0.440937
0.0 0.017959 0.3704095000000001 0.010566 0.090859
0.0 0.022568 0.3755665 0.0075 0.106016
0.0 0.027427 0.4471090000000001 0.012295 0.114844
0.0 0.043252 0.4910545000000001 0.034199 0.337969
0.0 0.103359 0.6239455 0.101953 0.501406
6.0 0.129829 0.5601370000000001 0.009834 0.362578
6.0 0.132407 0.559492 0.009912 0.352031
