6.0 0.386738 0.5767180000000001 0.007539 0.2875
6.0 0.421553 0.5856250000000001 0.006699 0.275937
6.0 0.437241 0.5740240000000001 0.007666 0.3075
6.0 0.580659 0.4611715000000001 0.009111 0.288281
6.0 0.585313 0.4026955000000001 0.007793 0.209531
6.0 0.451313 0.5538670000000001 0.007939 0.254219
6.0 0.459561 0.5528710000000001 0.008828 0.255703
6.0 0.467822 0.5351755 0.008301 0.170859
6.0 0.476514 0.5158405000000001 0.007461 0.206797
6.0 0.481899 0.49380850000000004 0.006553 0.202891
6.0 0.038281 0.3489055000000001 0.006016 0.178281
6.0 0.674658 0.6225385000000001 0.023535 0.503281
