0.0 0.957256 0.38072200000000006 0.01582 0.157578
0.0 0.707524 0.788359 0.092588 0.282188
0.0 0.587881 0.6455665000000002 0.071309 0.472578
0.0 0.522549 0.424375 0.012988 0.132969
0.0 0.534292 0.3748045000000001 0.009717 0.102344
0.0 0.020137 0.3378910000000001 0.010117 0.098437
0.0 0.041743 0.5259760000000001 0.023975 0.212031
0.0 0.290195 0.9310344999999999 0.07 0.091953
0.0 0.012695 0.7203910000000001 0.025391 0.372812
0.0 0.991602 0.6988285000000001 0.016797 0.401563
0.0 0.004976 0.2212885 0.003135 0.027344
0.0 0.50481 0.7508005 0.039795 0.332266
0.0 0.505825 0.4471675000000001 0.018643 0.104766
0.0 0.008853 0.24285100000000004 0.003252 0.034531
0.0 0.514927 0.31785100000000005 0.005947 0.079688
0.0 0.012588 0.277246 0.006133 0.058516
