0.0 0.463022 0.3186715 0.016338 0.106406
0.0 0.454194 0.3989455 0.023506 0.141094
0.0 0.404214 0.3864655 0.011006 0.087734
0.0 0.506621 0.2787115 0.012949 0.076875
6.0 0.271665 0.740488 0.00665 0.288672
0.0 0.501401 0.7954494999999999 0.058857 0.272734
0.0 0.480674 0.633262 0.025039 0.265234
0.0 0.37394 0.41535100000000014 0.013623 0.097656
0.0 0.016768 0.7007620000000001 0.033535 0.398984
6.0 0.223979 0.4808005 0.002217 0.075547
6.0 0.232358 0.484726 0.001963 0.069531
0.0 0.417339 0.3589255000000001 0.016553 0.118359
6.0 0.113208 0.3303910000000001 0.002354 0.064844
0.0 0.988726 0.7003510000000001 0.022549 0.399531
