0.0 0.098657 0.22005850000000002 0.01792 0.089922
0.0 0.106167 0.19808650000000003 0.018721 0.108281
5.0 0.900713 0.474355 0.005 0.161328
6.0 0.242227 0.3534175000000001 0.005605 0.167891
6.0 0.281641 0.28187500000000004 0.006309 0.159844
6.0 0.287144 0.31234300000000004 0.006182 0.142031
6.0 0.355425 0.4854880000000001 0.004795 0.085547
6.0 0.364619 0.4735930000000001 0.004336 0.09125
6.0 0.941025 0.3642580000000001 0.007598 0.232969
6.0 0.933569 0.34023400000000004 0.007686 0.254688
6.0 0.926733 0.3703510000000001 0.007471 0.216094
5.0 0.906416 0.5472460000000001 0.007559 0.252109
5.0 0.988013 0.4856050000000001 0.007607 0.240547
