6.0 0.970874 0.373105 0.00708 0.232734
6.0 0.518584 0.42701200000000006 0.006348 0.176641
6.0 0.100801 0.5192380000000001 0.006191 0.255078
6.0 0.109727 0.567988 0.009961 0.299609
6.0 0.13646 0.645274 0.010967 0.298438
6.0 0.123496 0.6100585000000001 0.010566 0.352734
6.0 0.153257 0.6905080000000001 0.012764 0.320937
6.0 0.166221 0.689629 0.009414 0.309922
6.0 0.9627 0.4448245 0.010146 0.441016
6.0 0.957407 0.4321675000000001 0.012354 0.491484
6.0 0.944912 0.5463670000000002 0.019102 0.540781
6.0 0.881245 0.6534175000000001 0.020791 0.433047
6.0 0.924399 0.5394535 0.015791 0.505781
6.0 0.858838 0.6841795 0.02627 0.418281
6.0 0.903965 0.6347845 0.021563 0.486953
6.0 0.802422 0.5103910000000002 0.026211 0.652813
6.0 0.821729 0.6635545000000002 0.021777 0.448594
6.0 0.774517 0.5534575 0.017979 0.595391
6.0 0.775366 0.5324215000000001 0.033057 0.623437
6.0 0.737344 0.5898430000000001 0.022012 0.544375
6.0 0.701167 0.6153325000000001 0.017412 0.512891
6.0 0.655317 0.6067180000000001 0.017744 0.524375
6.0 0.625811 0.7049215000000001 0.021387 0.390938
6.0 0.602075 0.6835345000000002 0.015889 0.421953
6.0 0.590083 0.5819335 0.011943 0.476328
6.0 0.578364 0.6150385 0.00876 0.398281
6.0 0.566211 0.5607805000000001 0.00834 0.387188
6.0 0.560591 0.5580865 0.005283 0.369062
6.0 0.554351 0.48625 0.008662 0.399063
6.0 0.545449 0.5284960000000002 0.007363 0.350391
6.0 0.541284 0.529726 0.009131 0.343125
6.0 0.185771 0.65125 0.012402 0.465
6.0 0.26209 0.6881050000000002 0.013633 0.409609
6.0 0.188896 0.7052740000000001 0.01082 0.3775
6.0 0.196958 0.684238 0.011182 0.421016
6.0 0.205684 0.6709960000000001 0.007344 0.433828
6.0 0.230293 0.6528910000000001 0.009727 0.459688
6.0 0.189912 0.7176955 0.010781 0.374375
6.0 0.232817 0.7016410000000001 0.012881 0.397813
