0.0 0.998252 0.33923800000000004 0.003496 0.097109
6.0 0.961431 0.2597260000000001 0.002588 0.10125
0.0 0.531064 0.3957805000000001 0.01748 0.116719
7.0 0.462993 0.3599215000000001 0.004541 0.05875
7.0 0.461372 0.3927925000000001 0.006045 0.098203
6.0 0.201772 0.6315625000000001 0.012588 0.404531
6.0 0.645918 0.7464655 0.010664 0.333359
6.0 0.609888 0.6346090000000001 0.009521 0.368906
6.0 0.63917 0.6654295000000001 0.010625 0.366094
6.0 0.660435 0.6718165 0.009893 0.437578
0.0 0.38498 0.3602740000000001 0.014805 0.077187
0.0 0.004687 0.29007850000000013 0.009375 0.156875
6.0 0.339531 0.4236715000000001 0.005371 0.191719
7.0 0.439604 0.4222075000000001 0.008857 0.110078
6.0 0.339302 0.32101600000000013 0.004131 0.097969
0.0 0.064185 0.6705865 0.057822 0.379063
0.0 0.909937 0.7813284999999999 0.08167 0.257188
0.0 0.513486 0.7234375000000002 0.043145 0.36875
6.0 0.534346 0.3833005000000001 0.002949 0.103828
