7.0 0.536587 0.372403 0.004541 0.058828
6.0 0.127754 0.5000785 0.008906 0.292813
6.0 0.573105 0.6848830000000001 0.010098 0.362344
6.0 0.560762 0.561895 0.00709 0.268984
6.0 0.579995 0.5700970000000001 0.006494 0.303828
6.0 0.584224 0.6090040000000001 0.006553 0.348203
0.0 0.426855 0.41165950000000007 0.016523 0.113984
0.0 0.424136 0.7495120000000001 0.055361 0.332109
6.0 0.298945 0.36507850000000003 0.005371 0.184219
7.0 0.335537 0.3785545 0.008848 0.110156
0.0 0.415068 0.3839455 0.018398 0.146406
6.0 0.394546 0.3438085000000001 0.004131 0.132422
0.0 0.471553 0.4985545000000001 0.019375 0.164844
0.0 0.978564 0.3005080000000001 0.008789 0.099375
0.0 0.513486 0.7234375000000002 0.043145 0.36875
6.0 0.527212 0.3689455 0.002939 0.085781
