0.0 0.990996 0.6460930000000001 0.018008 0.471875
0.0 0.691216 0.5983405 0.026201 0.196953
7.0 0.118813 0.6229495 0.016143 0.502734
4.0 0.120513 0.7993164999999999 0.023701 0.267578
6.0 0.740742 0.7044535000000002 0.013242 0.394062
6.0 0.728462 0.7234375000000002 0.010049 0.36875
6.0 0.768892 0.4523245 0.004678 0.146484
0.0 0.009463 0.6278710000000001 0.018926 0.469609
2.0 0.030859 0.22580050000000002 0.010039 0.086641
0.0 0.028804 0.403867 0.013467 0.137031
6.0 0.167446 0.29781250000000004 0.0029 0.08
0.0 0.034214 0.5111530000000001 0.014385 0.203359
0.0 0.065303 0.6242380000000002 0.062559 0.495234
0.0 0.592612 0.7877155 0.056963 0.283047
7.0 0.722178 0.6550585000000001 0.016191 0.459922
4.0 0.717207 0.953887 0.019863 0.061484
7.0 0.665767 0.6959575000000001 0.018564 0.402734
6.0 0.771577 0.45144550000000006 0.003936 0.153594
