0.0 0.980073 0.265762 0.006416 0.055078
0.0 0.959038 0.5152540000000001 0.031318 0.352891
0.0 0.598765 0.7533205000000002 0.093018 0.328906
0.0 0.623672 0.6398830000000001 0.04207 0.287969
0.0 0.040459 0.4960930000000001 0.023008 0.188438
0.0 0.324482 0.912754 0.079355 0.116328
0.0 0.469556 0.5403325000000001 0.018838 0.183672
2.0 0.005156 0.17400400000000005 0.004277 0.046328
2.0 0.009526 0.179629 0.00458 0.071953
0.0 0.005103 0.21566350000000004 0.003135 0.02875
0.0 0.001563 0.2132035 0.003125 0.025938
0.0 0.012695 0.7203910000000001 0.025391 0.372812
0.0 0.991602 0.6988285000000001 0.016797 0.401563
0.0 0.009614 0.251875 0.004658 0.041875
0.0 0.515083 0.3193750000000001 0.004717 0.059688
0.0 0.50481 0.7508005 0.039795 0.332266
0.0 0.505825 0.4471675000000001 0.018643 0.104766
0.0 0.014204 0.294649 0.007158 0.068906
0.0 0.521396 0.3882805000000001 0.012598 0.160156
0.0 0.020435 0.348496 0.009775 0.102578
