7.0 0.070527 0.3508405000000001 0.006523 0.187422
1.0 0.611563 0.3908005000000001 0.014766 0.112734
0.0 0.982676 0.2129695 0.023926 0.2325
0.0 0.417725 0.7652155000000002 0.033887 0.313047
0.0 0.437988 0.6090625000000001 0.018184 0.177188
6.0 0.597964 0.6882820000000001 0.021494 0.415625
6.0 0.599131 0.47125 0.00709 0.23125
0.0 0.004619 0.289726 0.009238 0.15375
0.0 0.115122 0.7196290000000001 0.070068 0.365547
0.0 0.836509 0.6840040000000002 0.138975 0.421328
6.0 0.940376 0.20517550000000004 0.008232 0.238828
0.0 0.929868 0.6231835000000001 0.069346 0.502109
7.0 0.954536 0.43404250000000005 0.014189 0.388828
0.0 0.987988 0.35002 0.024023 0.273672
0.0 0.456353 0.5018950000000001 0.015068 0.203203
0.0 0.466943 0.522754 0.013223 0.079297
0.0 0.469746 0.4877155 0.012031 0.076953
