0.0 0.474951 0.5828125000000002 0.01709 0.189063
0.0 0.164854 0.48097600000000007 0.01791 0.096094
0.0 0.17583 0.468262 0.012402 0.098047
6.0 0.25625 0.5195905000000001 0.006152 0.156016
6.0 0.335996 0.4101370000000001 0.007227 0.158047
6.0 0.344604 0.3880465 0.006182 0.164844
6.0 0.447764 0.5430280000000001 0.004082 0.120547
6.0 0.461504 0.4931050000000001 0.004434 0.107891
6.0 0.047227 0.4451755000000001 0.005195 0.158516
6.0 0.042778 0.4270705000000001 0.003838 0.168281
6.0 0.038164 0.4301170000000001 0.005508 0.161094
6.0 0.072529 0.449863 0.005859 0.180391
