7.0 0.551641 0.5942380000000002 0.012578 0.492578
6.0 0.524106 0.43878850000000014 0.005635 0.163437
0.0 0.095459 0.7816210000000001 0.083105 0.291172
0.0 0.409561 0.8701570000000001 0.077754 0.173125
0.0 0.462954 0.5762500000000002 0.036201 0.51625
0.0 0.483281 0.4940425000000001 0.018437 0.210703
6.0 0.117612 0.557617 0.011455 0.324219
6.0 0.145996 0.5848630000000001 0.013535 0.363203
0.0 0.029292 0.4124215 0.018408 0.233125
0.0 0.044116 0.5222260000000001 0.035459 0.373437
6.0 0.077295 0.43919950000000013 0.005996 0.208672
6.0 0.071938 0.4475785000000001 0.006963 0.21
