0.0 0.043721 0.6939655000000001 0.043457 0.408047
0.0 0.105845 0.398476 0.02249 0.15375
0.0 0.140957 0.3323830000000001 0.020391 0.137031
6.0 0.366724 0.42455050000000005 0.003525 0.131484
0.0 0.395703 0.741133 0.034766 0.345156
0.0 0.44396 0.695254 0.028018 0.294297
0.0 0.436602 0.45625 0.009668 0.080469
0.0 0.420991 0.40550800000000004 0.009443 0.0675
2.0 0.956357 0.278653 0.016035 0.179609
0.0 0.934102 0.389512 0.014004 0.139922
6.0 0.809678 0.4611715000000001 0.007871 0.153906
6.0 0.80167 0.4816795 0.008535 0.174219
6.0 0.786177 0.5207620000000001 0.007295 0.287422
4.0 0.544409 0.5563285000000001 0.014678 0.143281
4.0 0.536055 0.5814655000000001 0.013555 0.110859
4.0 0.52166 0.5589655 0.01127 0.104922
