0.0 0.46834 0.46263700000000013 0.011953 0.111641
0.0 0.447441 0.4950970000000001 0.012656 0.123047
0.0 0.382388 0.7224415000000002 0.054619 0.349766
0.0 0.027998 0.3271675 0.00502 0.048672
0.0 0.038276 0.370996 0.006611 0.071797
2.0 0.092178 0.385 0.059453 0.364531
2.0 0.324463 0.4867195 0.184082 0.629687
0.0 0.37269 0.6690625000000001 0.058584 0.269531
0.0 0.109663 0.6552925 0.043057 0.290078
0.0 0.051406 0.387988 0.01166 0.131172
6.0 0.159834 0.5303710000000001 0.006055 0.237891
6.0 0.590967 0.4611715000000001 0.006094 0.185625
0.0 0.007075 0.48437500000000006 0.01415 0.201719
0.0 0.505952 0.562891 0.016592 0.149687
