6.0 0.069048 0.3149800000000001 0.004053 0.095078
7.0 0.989995 0.5328325000000002 0.009072 0.347734
7.0 0.973853 0.3452740000000001 0.005166 0.147187
7.0 0.962041 0.3486715 0.006133 0.151094
0.0 0.493779 0.7860159999999999 0.032285 0.27125
0.0 0.503027 0.6680665000000001 0.028711 0.190234
0.0 0.519858 0.4601755000000001 0.026104 0.200078
0.0 0.563237 0.5038870000000001 0.018838 0.113516
0.0 0.607437 0.49627000000000004 0.020264 0.110234
0.0 0.640776 0.4791010000000001 0.016787 0.110938
0.0 0.149307 0.3954295 0.021621 0.118594
0.0 0.061392 0.33625000000000005 0.009014 0.085938
0.0 0.126968 0.38886700000000013 0.0221 0.133594
6.0 0.055444 0.31984300000000004 0.004658 0.108125
7.0 0.261074 0.3319720000000001 0.005 0.068516
7.0 0.390337 0.27437500000000004 0.006084 0.093281
6.0 0.510898 0.4706635000000001 0.00498 0.110625
6.0 0.517964 0.4631635000000001 0.005283 0.108594
