7.0 0.243198 0.4826755 0.003838 0.077109
0.0 0.375098 0.4053325 0.01875 0.114766
0.0 0.511865 0.2935345000000001 0.016895 0.104453
0.0 0.394824 0.37117150000000004 0.026465 0.189531
0.0 0.427671 0.37117150000000004 0.017256 0.097812
0.0 0.48042 0.2890240000000001 0.01877 0.13125
0.0 0.455869 0.325234 0.014043 0.094531
0.0 0.517456 0.2756635000000001 0.013252 0.075
6.0 0.30895 0.7618750000000002 0.00499 0.281094
0.0 0.501401 0.7954494999999999 0.058857 0.272734
0.0 0.480674 0.633262 0.025039 0.265234
0.0 0.016719 0.7007620000000001 0.033438 0.398984
6.0 0.219155 0.4770505000000001 0.002217 0.065078
0.0 0.988726 0.7003510000000001 0.022549 0.399531
