6.0 0.2646 0.7984960000000001 0.008984 0.176328
0.0 0.501401 0.7954494999999999 0.058857 0.272734
0.0 0.480674 0.633262 0.025039 0.265234
0.0 0.421436 0.3694135000000001 0.017344 0.099375
0.0 0.482852 0.3114655000000001 0.013691 0.087734
0.0 0.015859 0.7007620000000001 0.031719 0.398984
6.0 0.230566 0.48238300000000006 0.0025 0.076562
6.0 0.240386 0.484141 0.001963 0.069531
0.0 0.516865 0.25339900000000004 0.014551 0.095781
6.0 0.116147 0.3303910000000001 0.002354 0.064844
0.0 0.988726 0.7003510000000001 0.022549 0.399531
