0.0 0.44291 0.6990040000000002 0.047578 0.366953
0.0 0.486777 0.3737500000000001 0.012246 0.104688
0.0 0.506968 0.517657 0.023271 0.204844
0.0 0.507061 0.7574215000000002 0.042637 0.31125
0.0 0.399219 0.4059175 0.015801 0.096797
2.0 0.014419 0.19421800000000003 0.009834 0.109844
0.0 0.014492 0.2691595000000001 0.009883 0.108828
1.0 0.040244 0.2108005 0.047012 0.630547
0.0 0.014795 0.6858205 0.02959 0.414531
6.0 0.505283 0.3024415000000001 0.003242 0.086641
6.0 0.508267 0.30285100000000004 0.003213 0.082813
