6.0 0.973208 0.3714655 0.005928 0.232734
6.0 0.519531 0.42994150000000003 0.006348 0.177734
6.0 0.100083 0.53752 0.0096 0.276016
6.0 0.125361 0.6255280000000001 0.009961 0.280078
6.0 0.113057 0.5771875000000001 0.010566 0.327813
6.0 0.140713 0.6605665000000002 0.012168 0.306016
6.0 0.152402 0.6685930000000001 0.007969 0.288438
6.0 0.952822 0.5223430000000001 0.01291 0.50875
6.0 0.898521 0.6329095 0.020576 0.436641
6.0 0.935859 0.512734 0.013242 0.467344
6.0 0.882993 0.6712885000000001 0.023408 0.438281
6.0 0.916689 0.627403 0.019727 0.496797
6.0 0.855103 0.5153710000000001 0.018115 0.646172
6.0 0.814419 0.5494135000000001 0.018271 0.600781
6.0 0.834453 0.5454295000000001 0.027598 0.606094
6.0 0.781904 0.5873245000000001 0.022012 0.542734
6.0 0.741343 0.6097075000000002 0.018682 0.520391
6.0 0.685098 0.5910745000000001 0.019844 0.545234
6.0 0.649902 0.7145905 0.021387 0.380547
6.0 0.618184 0.6805465000000002 0.017148 0.425937
6.0 0.603691 0.5911915000000001 0.013574 0.504609
6.0 0.586182 0.640351 0.010254 0.442031
6.0 0.572891 0.5800000000000001 0.010723 0.419375
6.0 0.567607 0.5709175000000002 0.006094 0.403047
6.0 0.559238 0.48835900000000004 0.009141 0.411094
6.0 0.550986 0.5488285000000002 0.008242 0.390469
6.0 0.54499 0.5464840000000002 0.009707 0.366563
6.0 0.16792 0.6559375000000001 0.012402 0.45875
6.0 0.238574 0.6584575000000001 0.010938 0.455391
6.0 0.168896 0.7038085000000001 0.01082 0.383516
6.0 0.179155 0.6854680000000001 0.011182 0.419375
6.0 0.188911 0.6585745000000002 0.007334 0.410859
6.0 0.211416 0.6511915 0.009727 0.465078
6.0 0.16248 0.7078510000000001 0.010781 0.388906
6.0 0.210825 0.6964840000000001 0.012881 0.397813
