0.0 0.567012 0.5932420000000002 0.028398 0.207344
7.0 0.440449 0.5577925000000001 0.006992 0.285391
4.0 0.440762 0.6629095 0.0075 0.191172
6.0 0.585479 0.6414070000000001 0.009004 0.359219
6.0 0.744448 0.408907 0.004072 0.105313
0.0 0.013232 0.673222 0.026465 0.435703
2.0 0.043979 0.31181650000000005 0.014385 0.131328
0.0 0.039995 0.4966795 0.011221 0.1425
0.0 0.054707 0.6165625000000001 0.028594 0.260312
6.0 0.189048 0.37498 0.003271 0.085078
0.0 0.098394 0.777343 0.077432 0.296875
0.0 0.284248 0.6880465000000001 0.162617 0.415937
0.0 0.510059 0.7438285000000001 0.036133 0.341562
7.0 0.601323 0.6180280000000001 0.009854 0.407891
4.0 0.603794 0.7565424999999999 0.023408 0.226953
7.0 0.576255 0.6208990000000001 0.0096 0.3675
6.0 0.736108 0.4296490000000001 0.003467 0.105
