0.0 0.542925 0.5847460000000001 0.029697 0.222891
7.0 0.457192 0.4879495000000001 0.0054 0.178047
4.0 0.457446 0.5764255 0.005244 0.124297
6.0 0.571895 0.5872075000000001 0.007812 0.293047
6.0 0.734468 0.3897460000000001 0.004111 0.097422
0.0 0.014146 0.672637 0.028291 0.436484
2.0 0.049155 0.31656250000000014 0.015771 0.147656
0.0 0.046885 0.549004 0.017031 0.190703
0.0 0.06625 0.6892780000000001 0.040781 0.317734
6.0 0.194883 0.3898630000000001 0.003418 0.090078
0.0 0.15 0.8366995 0.10082 0.217734
0.0 0.369419 0.6833005000000001 0.117354 0.422266
0.0 0.50666 0.7465240000000001 0.03373 0.337969
7.0 0.583462 0.574492 0.00708 0.336719
4.0 0.584321 0.685351 0.021064 0.195312
7.0 0.563574 0.5661130000000001 0.008496 0.304297
6.0 0.722861 0.40627000000000013 0.003105 0.101016
