6.0 0.357715 0.6993550000000001 0.011133 0.400859
6.0 0.381943 0.7015825 0.01248 0.282266
6.0 0.387485 0.6930865 0.012783 0.285156
6.0 0.407153 0.6222460000000002 0.010791 0.244766
7.0 0.143638 0.5032420000000001 0.007822 0.246719
5.0 0.795552 0.31679650000000004 0.013369 0.245313
0.0 0.754912 0.11482450000000002 0.012559 0.147422
4.0 0.775298 0.36765700000000007 0.00874 0.269063
4.0 0.73584 0.28627 0.009082 0.261016
6.0 0.867139 0.5283205000000001 0.020215 0.628906
7.0 0.135718 0.5092195 0.007471 0.251563
6.0 0.521597 0.5202925 0.007783 0.245234
6.0 0.532524 0.4824415000000001 0.007686 0.146953
4.0 0.14042 0.5762500000000002 0.019707 0.139531
