0.0 0.078237 0.3738670000000001 0.011943 0.073906
7.0 0.162847 0.5477155000000001 0.006982 0.224141
4.0 0.162612 0.6431635000000001 0.007666 0.144844
6.0 0.434434 0.5086915000000001 0.004238 0.144297
6.0 0.471128 0.4240825000000001 0.003467 0.093984
6.0 0.461821 0.4529095 0.003662 0.098828
6.0 0.46123 0.4703125 0.003867 0.115
6.0 0.546611 0.4326370000000001 0.004395 0.144453
6.0 0.541826 0.4440625000000001 0.004102 0.1475
6.0 0.535703 0.42302800000000007 0.003887 0.124141
0.0 0.925449 0.760234 0.071602 0.319688
4.0 0.873374 0.4600585000000001 0.012822 0.148359
0.0 0.019209 0.712129 0.038418 0.383828
0.0 0.004419 0.3649615 0.008701 0.106406
6.0 0.103955 0.5114455000000001 0.005352 0.216562
0.0 0.020181 0.39033250000000014 0.013447 0.116953
0.0 0.509126 0.7700785000000001 0.043428 0.306562
0.0 0.520986 0.43919950000000013 0.010117 0.082578
0.0 0.505405 0.499726 0.016514 0.126719
4.0 0.920576 0.3969535 0.011191 0.113906
4.0 0.914648 0.4051570000000001 0.010547 0.110781
4.0 0.900122 0.41300800000000004 0.012471 0.13375
