7.0 0.460879 0.4083205 0.004102 0.103437
4.0 0.461162 0.4670320000000001 0.004551 0.065312
4.0 0.699937 0.5564455 0.011006 0.200156
0.0 0.018462 0.6862885000000001 0.035791 0.418281
0.0 0.058188 0.4735930000000001 0.023662 0.151094
0.0 0.099629 0.42953050000000004 0.019687 0.140469
6.0 0.357803 0.6262300000000002 0.006699 0.305859
0.0 0.082456 0.7599415 0.059424 0.316797
0.0 0.510913 0.6658405000000001 0.026436 0.296484
0.0 0.52417 0.42056650000000007 0.010117 0.082578
0.0 0.509521 0.4101955000000001 0.010605 0.077187
6.0 0.960342 0.355528 0.004687 0.159297
4.0 0.82251 0.5430280000000001 0.015762 0.214453
4.0 0.800244 0.566992 0.011992 0.19
4.0 0.755493 0.566992 0.013291 0.179531
