0.0 0.087559 0.40210900000000005 0.011074 0.070625
7.0 0.290605 0.6458005 0.010371 0.348359
4.0 0.290879 0.7926955 0.021309 0.199375
6.0 0.449912 0.465742 0.004102 0.130781
6.0 0.475425 0.4047460000000001 0.003467 0.093984
6.0 0.471675 0.41810500000000006 0.003662 0.098828
6.0 0.467324 0.42296950000000005 0.003867 0.115
6.0 0.538696 0.4147075000000001 0.004385 0.144453
6.0 0.535493 0.40457050000000006 0.003037 0.128281
6.0 0.530176 0.40152400000000005 0.003887 0.124219
0.0 0.98438 0.5190040000000001 0.020498 0.210703
4.0 0.855288 0.4987885 0.009189 0.157813
0.0 0.017085 0.700234 0.03417 0.399687
0.0 0.013716 0.355117 0.014521 0.089844
6.0 0.141118 0.5947075000000002 0.007139 0.294766
0.0 0.028755 0.4806835 0.018486 0.195547
0.0 0.508901 0.7516210000000001 0.036807 0.331172
0.0 0.520986 0.4261915000000001 0.010117 0.082578
0.0 0.506226 0.46292950000000005 0.015225 0.115938
4.0 0.912129 0.4251955000000001 0.012793 0.139687
4.0 0.903979 0.435859 0.011592 0.121563
4.0 0.888315 0.4550200000000001 0.014482 0.147891
