6.0 0.959136 0.28433650000000005 0.004561 0.145313
6.0 0.945684 0.3857035000000001 0.007441 0.239844
0.0 0.440903 0.7188085000000001 0.027686 0.243672
0.0 0.47751 0.6140425 0.019121 0.235391
0.0 0.492441 0.4308205 0.011738 0.157656
0.0 0.012988 0.623359 0.025645 0.372969
6.0 0.11292 0.46240300000000006 0.005527 0.195703
7.0 0.139697 0.5185345000000001 0.008262 0.245078
4.0 0.139697 0.6408205 0.013008 0.164844
0.0 0.132197 0.31386700000000006 0.013105 0.068438
0.0 0.014346 0.2726755000000001 0.007344 0.071484
0.0 0.097612 0.33554650000000014 0.012686 0.071094
0.0 0.040923 0.4104295 0.01542 0.132969
2.0 0.558604 0.4600585000000001 0.071758 0.718516
0.0 0.507617 0.5669335 0.016562 0.193516
