0.0 0.079561 0.39302800000000004 0.012852 0.072734
7.0 0.190044 0.6296875000000002 0.008682 0.314063
4.0 0.190059 0.753379 0.017012 0.189141
6.0 0.440205 0.488653 0.004238 0.144297
6.0 0.472808 0.41652400000000006 0.003467 0.093906
6.0 0.466006 0.43609300000000006 0.003672 0.09875
6.0 0.463613 0.4517965 0.003867 0.115
6.0 0.543511 0.42560500000000007 0.004385 0.144453
6.0 0.539346 0.4285945000000001 0.003691 0.14
6.0 0.53354 0.4145905000000001 0.003877 0.124141
0.0 0.962559 0.6674215000000001 0.036934 0.359062
4.0 0.869282 0.4741795 0.01124 0.149531
0.0 0.018379 0.7075000000000001 0.036758 0.39
0.0 0.005254 0.3564655 0.009961 0.099922
6.0 0.114136 0.5423830000000002 0.006123 0.246406
0.0 0.022715 0.42460900000000007 0.017461 0.130312
0.0 0.509043 0.7628710000000002 0.04084 0.316172
0.0 0.520986 0.43404250000000005 0.010117 0.082578
0.0 0.505215 0.4849615000000001 0.016504 0.126719
4.0 0.918369 0.41154250000000003 0.011816 0.123984
4.0 0.911768 0.4137115000000001 0.010547 0.110781
4.0 0.896006 0.43146550000000006 0.013262 0.139297
