7.0 0.466997 0.3941410000000001 0.004111 0.092187
4.0 0.466865 0.43820350000000013 0.003848 0.058125
4.0 0.67769 0.5567965000000001 0.012881 0.18
0.0 0.019434 0.6855280000000001 0.037402 0.419297
0.0 0.072109 0.49076200000000003 0.024414 0.153984
0.0 0.115557 0.4349215 0.022441 0.140469
6.0 0.378794 0.5853325 0.005967 0.285391
0.0 0.110771 0.7754694999999999 0.087754 0.2975
0.0 0.509819 0.6586330000000001 0.025283 0.294219
0.0 0.524727 0.420859 0.010117 0.082656
0.0 0.509438 0.406387 0.010088 0.072891
6.0 0.956943 0.363496 0.004668 0.171172
4.0 0.798813 0.5743165000000001 0.015967 0.221641
4.0 0.772139 0.5889655 0.01291 0.195859
4.0 0.729365 0.5764255 0.015039 0.180234
