6.0 0.567524 0.3807805000000001 0.005264 0.150781
0.0 0.557349 0.6226555000000001 0.03374 0.307813
7.0 0.100957 0.6145120000000001 0.01541 0.409766
0.0 0.283755 0.44347600000000004 0.024932 0.133594
6.0 0.030405 0.5202925 0.007979 0.344766
6.0 0.037607 0.5204680000000002 0.007617 0.332812
6.0 0.064595 0.469141 0.008408 0.308594
6.0 0.103711 0.48736300000000005 0.009707 0.365859
0.0 0.315132 0.3663670000000001 0.019268 0.088281
0.0 0.311982 0.3912115000000001 0.018125 0.090313
0.0 0.299785 0.408496 0.023301 0.141172
