7.0 0.006074 0.3754495 0.006367 0.189453
6.0 0.07228 0.348496 0.004053 0.095078
0.0 0.493701 0.7916410000000002 0.033887 0.268594
0.0 0.503027 0.6680665000000001 0.028711 0.190234
0.0 0.548809 0.465742 0.027227 0.186094
0.0 0.589795 0.4991995 0.019277 0.116328
0.0 0.617842 0.48507850000000013 0.019766 0.106563
0.0 0.640596 0.4816795 0.016172 0.102031
0.0 0.067871 0.3857035000000001 0.019727 0.139062
0.0 0.061392 0.33625000000000005 0.009014 0.085938
0.0 0.126968 0.38886700000000013 0.0221 0.133594
7.0 0.016362 0.4431835000000001 0.008506 0.141641
6.0 0.065112 0.3374215000000001 0.005654 0.127187
7.0 0.288804 0.3146875 0.00501 0.068438
7.0 0.407715 0.336016 0.006504 0.107031
6.0 0.500498 0.45888700000000004 0.00498 0.108672
6.0 0.506392 0.4580665000000001 0.004463 0.103984
