7.0 0.24584 0.4846090000000001 0.004082 0.079219
0.0 0.383525 0.40105450000000004 0.018418 0.118125
0.0 0.496802 0.312226 0.017979 0.110781
0.0 0.376055 0.3887500000000001 0.026816 0.184531
0.0 0.435068 0.3629095000000001 0.017129 0.096797
0.0 0.487539 0.2815825000000001 0.017949 0.126953
0.0 0.469023 0.31035100000000004 0.014043 0.094531
0.0 0.52396 0.26089900000000005 0.013252 0.075
6.0 0.303052 0.7657420000000001 0.004365 0.287188
0.0 0.501401 0.7954494999999999 0.058857 0.272734
0.0 0.480674 0.633262 0.025039 0.265234
0.0 0.016724 0.7007620000000001 0.033447 0.398984
6.0 0.219634 0.4774615000000001 0.002217 0.066094
0.0 0.988726 0.7003510000000001 0.022549 0.399531
