0.0 0.593408 0.42601600000000006 0.023203 0.116875
0.0 0.014878 0.3149800000000001 0.013604 0.200859
0.0 0.052666 0.6814840000000001 0.039004 0.412188
0.0 0.430181 0.7891795000000001 0.05001 0.281094
0.0 0.469385 0.557617 0.016699 0.224219
0.0 0.493853 0.4551370000000001 0.009756 0.084609
0.0 0.481206 0.4745305000000001 0.009424 0.104688
0.0 0.004922 0.4788085 0.009844 0.207891
7.0 0.062861 0.39613300000000007 0.004961 0.126875
4.0 0.063369 0.4790425000000001 0.005371 0.069922
2.0 0.704355 0.24285100000000004 0.19582 0.990469
0.0 0.509531 0.4859575000000001 0.009551 0.125234
