0.0 0.08314 0.3999415 0.011943 0.071484
7.0 0.239727 0.6578125 0.010371 0.35625
4.0 0.240059 0.7960345000000001 0.022031 0.211641
6.0 0.444951 0.47441350000000004 0.00416 0.136563
6.0 0.474302 0.4097845000000001 0.003467 0.093984
6.0 0.468491 0.4216210000000001 0.003662 0.098828
6.0 0.465732 0.4353325 0.003867 0.115078
6.0 0.540762 0.419395 0.004395 0.144453
6.0 0.537144 0.414883 0.003311 0.133281
6.0 0.531616 0.4071490000000001 0.003877 0.124219
0.0 0.977871 0.5640625 0.02375 0.23125
4.0 0.86375 0.48665950000000013 0.009844 0.150547
0.0 0.017637 0.7033405000000001 0.035273 0.395547
0.0 0.008984 0.35294950000000014 0.013145 0.094141
6.0 0.125918 0.5738470000000001 0.006777 0.279766
0.0 0.026646 0.45542950000000004 0.016475 0.164687
0.0 0.50896 0.7564254999999999 0.038525 0.324766
0.0 0.520986 0.4295905000000001 0.010117 0.082578
0.0 0.505566 0.4721875 0.015996 0.1225
4.0 0.915005 0.42003850000000004 0.012373 0.132969
4.0 0.909209 0.42144550000000003 0.010547 0.110781
4.0 0.891606 0.44494150000000005 0.013955 0.144141
