0.0 0.525034 0.585391 0.024424 0.198594
7.0 0.467788 0.4731835 0.004248 0.136484
4.0 0.467666 0.5402155000000001 0.00334 0.088516
0.0 0.016055 0.6719920000000001 0.032109 0.437344
2.0 0.054976 0.3218365000000001 0.017334 0.165938
0.0 0.054829 0.5889655 0.023311 0.247109
0.0 0.085596 0.7434175000000002 0.060723 0.342109
6.0 0.200693 0.3918550000000001 0.003496 0.092578
0.0 0.261743 0.8835745 0.097959 0.155234
0.0 0.413242 0.6809575000000001 0.082188 0.425391
0.0 0.505156 0.7457620000000001 0.03418 0.338984
7.0 0.57002 0.538105 0.006895 0.276953
4.0 0.570947 0.6412300000000002 0.016426 0.139453
7.0 0.554463 0.5284375000000001 0.007617 0.250313
6.0 0.709121 0.41810500000000006 0.00291 0.096797
