0.0 0.995923 0.3000385000000001 0.006279 0.101094
6.0 0.960986 0.2603125 0.002598 0.103125
0.0 0.523789 0.3922075000000001 0.016738 0.109453
7.0 0.452817 0.35423800000000005 0.004541 0.058828
7.0 0.439839 0.39033250000000014 0.006045 0.098516
6.0 0.536729 0.3854095000000001 0.003535 0.081641
6.0 0.216489 0.6424030000000001 0.012451 0.408047
6.0 0.662422 0.745117 0.011074 0.331719
6.0 0.616885 0.6458005 0.009883 0.382734
6.0 0.649585 0.6789655000000001 0.011221 0.373984
6.0 0.677651 0.6780865 0.009893 0.429219
0.0 0.382964 0.3534175000000001 0.014814 0.077109
0.0 0.001187 0.31732450000000006 0.002373 0.061641
6.0 0.345986 0.43046950000000006 0.005371 0.191719
7.0 0.44311 0.4319335 0.008857 0.110078
6.0 0.334204 0.3194920000000001 0.004131 0.097969
0.0 0.035156 0.5304295000000001 0.03334 0.287031
0.0 0.819458 0.9229494999999999 0.0979 0.102734
0.0 0.513486 0.7234375000000002 0.043145 0.36875
6.0 0.535 0.382012 0.002949 0.103828
