7.0 0.251689 0.487657 0.00418 0.085
0.0 0.399102 0.3847075000000001 0.017813 0.116328
0.0 0.468477 0.3449215000000001 0.019883 0.121875
0.0 0.347021 0.39367150000000006 0.023457 0.1475
0.0 0.448022 0.348496 0.016904 0.094922
0.0 0.50001 0.26687500000000003 0.01625 0.118281
6.0 0.293384 0.7687300000000001 0.004717 0.294766
0.0 0.501401 0.7954494999999999 0.058857 0.272734
0.0 0.480674 0.633262 0.025039 0.265234
0.0 0.016733 0.7007620000000001 0.033467 0.398984
6.0 0.220454 0.4781050000000001 0.002217 0.067891
6.0 0.228618 0.48027400000000003 0.001963 0.069531
0.0 0.988726 0.7003510000000001 0.022549 0.399531
