0.0 0.992671 0.3214255000000001 0.014658 0.165391
6.0 0.456133 0.686347 0.018008 0.418203
7.0 0.605381 0.2929495000000001 0.006504 0.138359
6.0 0.591274 0.4472260000000001 0.009033 0.27875
0.0 0.002188 0.4802155 0.004375 0.211953
0.0 0.0054 0.4137115000000001 0.010801 0.144531
0.0 0.446758 0.5926570000000001 0.026133 0.264219
0.0 0.81019 0.7175785 0.140244 0.376563
6.0 0.907197 0.429883 0.013008 0.452344
0.0 0.926016 0.6816010000000001 0.068867 0.423281
7.0 0.960532 0.4427155 0.010049 0.272734
0.0 0.990498 0.4333405 0.019004 0.308203
0.0 0.458853 0.39162100000000005 0.015068 0.177109
0.0 0.47085 0.41300800000000004 0.013223 0.079375
0.0 0.472871 0.4203325 0.012031 0.076953
