0.0 0.610308 0.4264255 0.022666 0.141641
0.0 0.640283 0.3896875000000001 0.01709 0.116875
0.0 0.021069 0.43146550000000006 0.015361 0.183047
0.0 0.124932 0.8510545000000002 0.091543 0.198594
0.0 0.415078 0.7456450000000001 0.057109 0.339141
0.0 0.485713 0.48566350000000014 0.010449 0.094531
0.0 0.465127 0.5386915000000001 0.013965 0.148516
0.0 0.478086 0.4465240000000001 0.007559 0.066094
0.0 0.003799 0.4709575000000001 0.007598 0.191797
7.0 0.050562 0.3750385 0.004463 0.115
4.0 0.050122 0.4387300000000001 0.004521 0.078984
2.0 0.793911 0.26992150000000004 0.199287 0.973437
0.0 0.504023 0.475234 0.008613 0.110156
