0.0 0.078564 0.37867150000000005 0.012168 0.073594
7.0 0.168174 0.5890825000000001 0.006582 0.264297
4.0 0.166851 0.6690625000000001 0.007041 0.1475
6.0 0.436357 0.5020120000000001 0.004238 0.144297
6.0 0.471685 0.42156250000000006 0.003467 0.093906
6.0 0.463711 0.44646550000000007 0.003672 0.098828
6.0 0.462031 0.4641010000000001 0.003867 0.115
6.0 0.545581 0.43029250000000013 0.004385 0.144453
6.0 0.540996 0.43890700000000005 0.003965 0.145
6.0 0.53498 0.42021550000000013 0.003887 0.124141
0.0 0.939194 0.7325785 0.058838 0.356563
4.0 0.872007 0.464746 0.012295 0.148828
0.0 0.018931 0.710605 0.037861 0.385859
0.0 0.004541 0.36209050000000004 0.008809 0.104297
6.0 0.106641 0.519649 0.005605 0.222344
0.0 0.021025 0.4017580000000001 0.014785 0.121406
0.0 0.509097 0.7676755 0.042568 0.309766
0.0 0.520986 0.43744150000000004 0.010117 0.082578
0.0 0.505342 0.49480450000000004 0.016504 0.126719
4.0 0.919839 0.40181650000000013 0.011396 0.117266
4.0 0.913691 0.407968 0.010547 0.110781
4.0 0.899297 0.4213285 0.012734 0.135625
