0.0 0.475342 0.4424215 0.009219 0.085313
0.0 0.459795 0.4622845 0.009824 0.093828
0.0 0.431909 0.5821090000000001 0.032568 0.252031
0.0 0.025425 0.3058990000000001 0.005107 0.046094
0.0 0.031133 0.3282820000000001 0.005566 0.065938
0.0 0.045327 0.391504 0.009658 0.094453
2.0 0.132358 0.45373000000000013 0.102803 0.511172
2.0 0.350928 0.4618165 0.149961 0.575078
0.0 0.413345 0.6046675000000001 0.02415 0.209922
0.0 0.207637 0.7815624999999999 0.068457 0.29125
0.0 0.06291 0.42255850000000006 0.017344 0.168047
6.0 0.191055 0.5524615 0.005645 0.256406
6.0 0.578994 0.4411330000000001 0.005313 0.168594
0.0 0.007075 0.48742150000000006 0.01415 0.193438
0.0 0.506372 0.5633005000000001 0.016455 0.151953
