6.0 0.43999 0.6941995000000001 0.017188 0.407734
7.0 0.599819 0.31076200000000004 0.007041 0.149141
6.0 0.590879 0.4690240000000001 0.009238 0.291562
0.0 0.003345 0.4604095 0.006689 0.211953
0.0 0.0054 0.41066350000000007 0.010801 0.140469
0.0 0.448599 0.5790625 0.02374 0.252188
0.0 0.824492 0.7103125000000001 0.140234 0.38625
6.0 0.897515 0.4621675000000001 0.01374 0.491016
0.0 0.936509 0.6677740000000001 0.058975 0.442344
7.0 0.966489 0.411367 0.009307 0.237969
0.0 0.991152 0.4271875000000001 0.017695 0.3
0.0 0.458853 0.3886915000000001 0.015068 0.172891
0.0 0.474121 0.40585900000000014 0.013223 0.079375
0.0 0.47311 0.4157035000000001 0.012021 0.077031
