7.0 0.238398 0.47488300000000006 0.003242 0.068906
0.0 0.358247 0.4138285 0.019424 0.108125
0.0 0.431782 0.33326200000000006 0.02667 0.188984
0.0 0.412993 0.3825385 0.017256 0.097812
0.0 0.466274 0.2980465000000001 0.019463 0.135937
0.0 0.43084 0.3533590000000001 0.014043 0.094531
0.0 0.49478 0.2984575000000001 0.0146 0.082422
6.0 0.319507 0.759238 0.006885 0.282266
0.0 0.501401 0.7954494999999999 0.058857 0.272734
0.0 0.480674 0.633262 0.025039 0.265234
0.0 0.016709 0.7007620000000001 0.033418 0.398984
6.0 0.218218 0.476347 0.002217 0.063047
0.0 0.988726 0.7003510000000001 0.022549 0.399531
