7.0 0.07125 0.346621 0.006523 0.191641
1.0 0.611343 0.3958405 0.015596 0.114297
0.0 0.553169 0.4306450000000001 0.006768 0.050078
0.0 0.983232 0.20488300000000004 0.024277 0.229375
0.0 0.409092 0.7597660000000002 0.041699 0.320312
0.0 0.436777 0.62875 0.018184 0.189687
6.0 0.608896 0.6891010000000002 0.022324 0.414531
6.0 0.600269 0.48742150000000006 0.007256 0.235156
0.0 0.004492 0.27882850000000003 0.008984 0.15375
0.0 0.093784 0.686113 0.053057 0.418516
0.0 0.847993 0.6765040000000001 0.131494 0.431328
6.0 0.942192 0.19304650000000007 0.008096 0.232344
0.0 0.932603 0.6189655000000001 0.065107 0.507891
7.0 0.956045 0.41207050000000006 0.013672 0.370781
0.0 0.987988 0.33220750000000004 0.024023 0.266953
0.0 0.45585 0.5175385000000001 0.015059 0.208906
0.0 0.46626 0.5299615 0.013223 0.079375
0.0 0.469146 0.5015425000000001 0.012021 0.076953
