7.0 0.261724 0.49287100000000006 0.004365 0.095078
0.0 0.428159 0.356524 0.017646 0.115781
0.0 0.527397 0.28732450000000004 0.01124 0.076797
0.0 0.409697 0.40498 0.021543 0.133984
0.0 0.358608 0.407383 0.007197 0.080781
0.0 0.470225 0.32377000000000006 0.016504 0.091797
6.0 0.28209 0.7573045000000002 0.008594 0.294063
0.0 0.501401 0.7954494999999999 0.058857 0.272734
0.0 0.480674 0.633262 0.025039 0.265234
0.0 0.335737 0.420976 0.010303 0.061875
0.0 0.016748 0.7007620000000001 0.033496 0.398984
6.0 0.22186 0.4792195 0.002217 0.070937
6.0 0.229917 0.482734 0.001963 0.069531
0.0 0.369956 0.40427800000000014 0.016475 0.120859
0.0 0.988726 0.7003510000000001 0.022549 0.399531
