0.0 0.497886 0.280762 0.015029 0.097109
0.0 0.358794 0.4720705000000001 0.019697 0.110156
6.0 0.266953 0.7609375 0.008086 0.239687
0.0 0.501401 0.7954494999999999 0.058857 0.272734
0.0 0.480674 0.633262 0.025039 0.265234
0.0 0.353096 0.42003850000000004 0.016738 0.089531
0.0 0.419897 0.3799615 0.015381 0.101719
0.0 0.016792 0.7007620000000001 0.033584 0.398984
6.0 0.227104 0.482149 0.002217 0.076562
6.0 0.235415 0.48437500000000006 0.001963 0.069531
0.0 0.463662 0.3078910000000001 0.016016 0.111406
6.0 0.114937 0.3303910000000001 0.002354 0.064844
0.0 0.988726 0.7003510000000001 0.022549 0.399531
