6.0 0.069048 0.3149800000000001 0.004053 0.095078
7.0 0.958267 0.6620905000000001 0.016221 0.418516
7.0 0.980908 0.3692965000000001 0.005625 0.147187
7.0 0.975186 0.3428125000000001 0.004629 0.151094
0.0 0.493779 0.7951555000000001 0.032285 0.259062
0.0 0.503027 0.6680665000000001 0.028711 0.190234
0.0 0.496187 0.4866010000000001 0.027979 0.250312
0.0 0.534858 0.5091595 0.020283 0.108828
0.0 0.58479 0.5092780000000001 0.020264 0.110234
0.0 0.629687 0.4855465000000001 0.017188 0.117188
0.0 0.193906 0.3613285000000001 0.013809 0.095625
0.0 0.061392 0.33625000000000005 0.009014 0.085938
0.0 0.126968 0.38886700000000013 0.0221 0.133594
6.0 0.054551 0.30771550000000003 0.003887 0.097266
7.0 0.3827 0.24595750000000002 0.005693 0.081172
6.0 0.517231 0.47781250000000003 0.004971 0.111719
6.0 0.52439 0.4667965 0.005283 0.108594
