0.0 0.163281 0.428476 0.01791 0.09
0.0 0.178657 0.41500000000000004 0.018799 0.09875
6.0 0.287739 0.49111300000000013 0.005596 0.151641
6.0 0.344102 0.414472 0.007227 0.158047
6.0 0.351631 0.3912700000000001 0.006191 0.149297
6.0 0.431367 0.5419720000000001 0.004082 0.099609
6.0 0.442788 0.5197075000000001 0.004307 0.096484
6.0 0.028086 0.433867 0.00584 0.1925
6.0 0.023027 0.4251955000000001 0.006211 0.208438
6.0 0.016421 0.44693350000000004 0.006865 0.184297
6.0 0.072578 0.4655665000000001 0.007051 0.253516
