0.0 0.036948 0.3309175000000001 0.006572 0.059766
0.0 0.098042 0.5700385 0.030068 0.212344
0.0 0.315732 0.7482820000000001 0.06873 0.335625
0.0 0.451006 0.5290825 0.018145 0.160547
0.0 0.350723 0.4826755 0.023574 0.118984
2.0 0.468506 0.3984175 0.014141 0.139297
2.0 0.446782 0.3939655 0.021943 0.199141
6.0 0.312681 0.6379495000000001 0.006357 0.232266
6.0 0.304424 0.6268750000000001 0.006504 0.226094
0.0 0.284385 0.4520905000000001 0.025488 0.122266
0.0 0.336318 0.4464055 0.019121 0.096719
0.0 0.470542 0.43574200000000013 0.012998 0.120625
6.0 0.420566 0.48062500000000014 0.005312 0.135937
0.0 0.008252 0.475762 0.01416 0.166328
0.0 0.509023 0.5654095000000001 0.015371 0.169453
6.0 0.088394 0.3974215 0.0054 0.115781
