0.0 0.48127 0.43955050000000007 0.007852 0.060078
0.0 0.038906 0.33724600000000005 0.009492 0.083359
0.0 0.058936 0.41377000000000014 0.017988 0.140859
0.0 0.145645 0.7316410000000001 0.050313 0.329688
0.0 0.252236 0.477754 0.025234 0.144609
2.0 0.41252 0.468262 0.076758 0.420703
2.0 0.423496 0.439375 0.077559 0.382812
6.0 0.185625 0.5717380000000001 0.006035 0.252422
6.0 0.188584 0.576484 0.005645 0.245
0.0 0.176987 0.38722600000000007 0.016572 0.107344
0.0 0.254233 0.4162885000000001 0.023389 0.117656
0.0 0.465659 0.5035945000000001 0.017998 0.148438
0.0 0.3425 0.7008790000000001 0.064746 0.398828
6.0 0.345029 0.5562700000000002 0.005488 0.243203
6.0 0.552334 0.4124215 0.004082 0.115312
0.0 0.007251 0.4939255000000001 0.01415 0.166328
0.0 0.508052 0.5650585 0.015889 0.161016
6.0 0.065684 0.339532 0.003711 0.082812
