0.0 0.990352 0.3249415000000001 0.015859 0.175859
6.0 0.470259 0.680722 0.018584 0.425703
7.0 0.610723 0.2746090000000001 0.006504 0.138281
6.0 0.591621 0.42853450000000004 0.008848 0.267734
0.0 0.0054 0.4162885000000001 0.010801 0.147969
0.0 0.444727 0.6089455 0.029102 0.280781
0.0 0.799722 0.7255465 0.143018 0.365938
6.0 0.912793 0.4017580000000001 0.012324 0.417031
0.0 0.917021 0.6934960000000001 0.077344 0.406797
7.0 0.957153 0.48197200000000007 0.01124 0.313672
0.0 0.990083 0.4366210000000001 0.019834 0.312578
0.0 0.458853 0.39408250000000006 0.015068 0.180703
0.0 0.470547 0.4166410000000001 0.013223 0.079375
0.0 0.472666 0.4243165 0.012031 0.076953
