0.0 0.480449 0.2996875 0.015684 0.101719
0.0 0.40665 0.4396090000000001 0.023008 0.125469
0.0 0.525264 0.25503850000000006 0.010742 0.067969
6.0 0.267305 0.7288870000000002 0.006914 0.291016
0.0 0.501401 0.7954494999999999 0.058857 0.272734
0.0 0.480674 0.633262 0.025039 0.265234
0.0 0.333198 0.4226755000000001 0.013584 0.070703
0.0 0.396919 0.39765550000000005 0.014502 0.099688
0.0 0.016782 0.7007620000000001 0.033564 0.398984
6.0 0.225396 0.4815625000000001 0.002217 0.076562
6.0 0.233882 0.4844920000000001 0.001963 0.069531
0.0 0.440942 0.3313870000000001 0.016592 0.117578
6.0 0.114468 0.3303910000000001 0.002354 0.064844
0.0 0.988726 0.7003510000000001 0.022549 0.399531
