6.0 0.069048 0.3149800000000001 0.004053 0.095078
7.0 0.965 0.6450970000000001 0.012031 0.418516
7.0 0.979761 0.37714900000000007 0.005615 0.147187
7.0 0.973594 0.34574200000000005 0.004629 0.151094
0.0 0.493779 0.7938085 0.032285 0.260859
0.0 0.503027 0.6680665000000001 0.028711 0.190234
0.0 0.499541 0.4820905 0.027578 0.242109
0.0 0.538994 0.5109175000000001 0.019805 0.108828
0.0 0.588608 0.5075200000000002 0.020264 0.110234
0.0 0.631733 0.4841995 0.017139 0.116328
0.0 0.188833 0.36478450000000007 0.014229 0.099453
0.0 0.061392 0.33625000000000005 0.009014 0.085938
0.0 0.126968 0.38886700000000013 0.0221 0.133594
6.0 0.054683 0.30941350000000006 0.003994 0.09875
7.0 0.251792 0.32582050000000007 0.00501 0.068437
7.0 0.383638 0.24935500000000005 0.005752 0.082891
6.0 0.516328 0.476758 0.00498 0.111563
6.0 0.523311 0.466855 0.005293 0.108672
