0.0 0.480508 0.44646550000000007 0.015742 0.115234
0.0 0.010693 0.26042950000000004 0.007305 0.078125
0.0 0.507134 0.5251555 0.024072 0.214688
0.0 0.507515 0.7574215000000002 0.042646 0.31125
0.0 0.399512 0.4002340000000001 0.01502 0.092344
2.0 0.018315 0.195097 0.01165 0.130234
0.0 0.020747 0.312226 0.0154 0.154844
1.0 0.23916 0.2464255 0.33916 0.995234
0.0 0.015034 0.6869920000000002 0.030068 0.414531
6.0 0.507905 0.3066010000000001 0.003447 0.086563
6.0 0.513081 0.3085345000000001 0.004072 0.088516
2.0 0.012842 0.19914100000000004 0.01123 0.148281
