7.0 0.960205 0.4541995 0.013184 0.451172
6.0 0.543076 0.5005465000000001 0.010664 0.326094
0.0 0.029399 0.532597 0.01708 0.188828
0.0 0.059434 0.7326370000000001 0.055156 0.356484
0.0 0.24501 0.2590825000000001 0.25041 0.987891
0.0 0.461738 0.6666010000000001 0.03668 0.444531
0.0 0.481646 0.506113 0.019326 0.232109
6.0 0.059595 0.4147075000000001 0.006689 0.183984
6.0 0.067407 0.4232035000000001 0.005811 0.155
0.0 0.023433 0.34667950000000003 0.013682 0.174219
6.0 0.047837 0.3945505 0.005342 0.154141
6.0 0.043921 0.3900385 0.006963 0.152656
