6.0 0.962905 0.257851 0.002588 0.095
7.0 0.498027 0.36912100000000003 0.004551 0.058828
7.0 0.523667 0.38552800000000004 0.005186 0.074609
6.0 0.160024 0.566992 0.008525 0.35
6.0 0.605972 0.7283005000000001 0.010088 0.346953
6.0 0.586572 0.59752 0.00834 0.322891
6.0 0.609175 0.623476 0.008604 0.339531
6.0 0.616548 0.66373 0.008447 0.406484
0.0 0.395791 0.3854695 0.015234 0.086406
0.0 0.046372 0.6138085 0.038076 0.311641
6.0 0.318643 0.39302800000000004 0.005371 0.187266
7.0 0.41312 0.41306650000000006 0.008857 0.110078
0.0 0.488188 0.4256635000000001 0.016436 0.126563
6.0 0.360444 0.3330865 0.004131 0.097969
0.0 0.430503 0.7540239999999999 0.062021 0.312031
0.0 0.977466 0.429766 0.019893 0.213281
0.0 0.513486 0.7234375000000002 0.043145 0.36875
6.0 0.532168 0.38787100000000013 0.002949 0.103828
