0.0 0.021509 0.7136530000000001 0.041943 0.381797
6.0 0.216328 0.6540625000000001 0.007734 0.311719
7.0 0.137007 0.5567965000000001 0.006904 0.225312
0.0 0.147393 0.3379495000000001 0.013535 0.081953
4.0 0.136396 0.6925000000000001 0.006191 0.1775
0.0 0.074746 0.3690625 0.012422 0.066094
0.0 0.062246 0.4201570000000001 0.016523 0.079688
0.0 0.025537 0.38511700000000004 0.011211 0.110781
0.0 0.037563 0.606778 0.021162 0.301328
0.0 0.048745 0.4128325 0.009014 0.085547
0.0 0.468804 0.5119135000000001 0.01458 0.128281
2.0 0.874312 0.2471875 0.21042 0.99625
0.0 0.504717 0.7417195000000001 0.040313 0.344375
