0.0 0.447529 0.3354880000000001 0.016914 0.110547
0.0 0.492993 0.3528325000000001 0.024756 0.141797
0.0 0.361138 0.4321675000000001 0.019932 0.108516
0.0 0.384902 0.40052800000000005 0.014512 0.093672
0.0 0.490049 0.299746 0.014902 0.084766
6.0 0.276753 0.7478125000000001 0.006865 0.293438
0.0 0.501401 0.7954494999999999 0.058857 0.272734
0.0 0.480674 0.633262 0.025039 0.265234
0.0 0.353521 0.4311130000000001 0.012842 0.095859
0.0 0.016758 0.7007620000000001 0.033516 0.398984
6.0 0.223042 0.4800970000000001 0.002217 0.073516
6.0 0.231001 0.484843 0.001963 0.069531
0.0 0.394922 0.39162100000000005 0.016523 0.119453
6.0 0.112095 0.3303910000000001 0.002354 0.064844
0.0 0.988726 0.7003510000000001 0.022549 0.399531
