0.0 0.073872 0.45689500000000005 0.023643 0.162422
0.0 0.410044 0.614278 0.032783 0.235859
0.0 0.462007 0.43955050000000007 0.01249 0.125391
0.0 0.400552 0.40650400000000003 0.014287 0.094453
6.0 0.388481 0.5275585 0.005986 0.181016
6.0 0.379053 0.5086915000000001 0.004492 0.159766
0.0 0.359297 0.39261700000000005 0.014629 0.090625
0.0 0.383853 0.390508 0.017178 0.085938
6.0 0.066177 0.3584575 0.004619 0.124141
0.0 0.009136 0.4598245 0.01417 0.166328
0.0 0.504487 0.5559175000000002 0.015381 0.169453
6.0 0.124419 0.4461130000000001 0.005771 0.176953
0.0 0.028921 0.3159175000000001 0.007256 0.067578
6.0 0.111206 0.4016410000000001 0.00501 0.135156
6.0 0.969268 0.35769550000000006 0.003867 0.130625
