0.0 0.987549 0.2897845 0.009746 0.095234
0.0 0.474443 0.49386700000000006 0.016055 0.142188
0.0 0.489575 0.37562500000000004 0.0054 0.048594
2.0 0.015342 0.18578050000000004 0.006816 0.098594
2.0 0.025801 0.22861300000000004 0.013066 0.154922
0.0 0.016465 0.31556650000000014 0.007949 0.078516
0.0 0.009146 0.2580280000000001 0.006064 0.037422
0.0 0.008428 0.5999800000000001 0.016855 0.275547
0.0 0.994678 0.5562115000000001 0.010645 0.286562
0.0 0.036499 0.5044135000000001 0.021514 0.167187
0.0 0.630156 0.750157 0.116563 0.333125
0.0 0.50481 0.7508005 0.039795 0.332266
0.0 0.505825 0.4471675000000001 0.018643 0.104766
0.0 0.134175 0.8399215000000001 0.080654 0.213437
7.0 0.578896 0.31040950000000006 0.004199 0.100391
0.0 0.972773 0.430879 0.021621 0.265859
0.0 0.515649 0.32675800000000005 0.006357 0.070156
0.0 0.524165 0.3992965000000001 0.011533 0.17875
0.0 0.425659 0.7759375000000001 0.052139 0.29625
