0.0 0.469248 0.4771090000000001 0.012324 0.1175
0.0 0.032163 0.3215425000000001 0.007295 0.064766
0.0 0.040527 0.3535345 0.008809 0.090234
0.0 0.067949 0.47042950000000006 0.018359 0.142031
0.0 0.204839 0.4689655000000001 0.025244 0.144609
2.0 0.285107 0.5311915 0.18168 0.620859
2.0 0.391055 0.4421875000000001 0.106367 0.476563
6.0 0.140874 0.5313085000000001 0.005732 0.204609
6.0 0.14604 0.5139070000000001 0.005244 0.178594
0.0 0.140708 0.3694135000000001 0.012764 0.098594
0.0 0.45522 0.48736300000000005 0.012197 0.111641
0.0 0.419746 0.6937885 0.035645 0.295625
0.0 0.127925 0.6308005 0.046514 0.328047
6.0 0.266484 0.5590240000000001 0.005645 0.256406
6.0 0.562578 0.41500000000000004 0.004648 0.120625
0.0 0.007075 0.4933990000000001 0.01415 0.176719
0.0 0.507212 0.5641795000000001 0.016182 0.156406
