0.0 0.597705 0.42853450000000004 0.020156 0.124297
0.0 0.628667 0.3957805000000001 0.016123 0.100781
0.0 0.010283 0.2855665000000001 0.011172 0.172891
0.0 0.035068 0.5451955 0.025625 0.30375
0.0 0.381094 0.8711530000000001 0.073945 0.171797
0.0 0.458442 0.6414070000000001 0.02626 0.296875
0.0 0.490747 0.4720120000000001 0.010342 0.086328
0.0 0.47605 0.4925200000000001 0.009814 0.113984
0.0 0.004497 0.47582050000000004 0.008994 0.201875
7.0 0.057832 0.382891 0.004668 0.124062
4.0 0.057739 0.4447075 0.005049 0.083047
2.0 0.739751 0.2533405 0.209385 0.995547
0.0 0.507471 0.48197200000000007 0.009199 0.119609
