0.0 0.025894 0.3949615 0.014092 0.152031
0.0 0.507441 0.5391595 0.025547 0.233203
0.0 0.508359 0.7574215000000002 0.042637 0.31125
0.0 0.400059 0.38962900000000006 0.013555 0.084141
2.0 0.031699 0.22826200000000002 0.024688 0.228047
0.0 0.195269 0.6530080000000001 0.154287 0.462656
1.0 0.481865 0.27988300000000005 0.026934 0.330313
0.0 0.015479 0.6891010000000002 0.030957 0.414531
6.0 0.514687 0.310117 0.003906 0.086562
6.0 0.525122 0.30835900000000005 0.004346 0.090469
2.0 0.018076 0.2112115 0.015781 0.148281
