0.0 0.493564 0.8045304999999999 0.036602 0.259687
0.0 0.499277 0.6090040000000001 0.028008 0.188828
0.0 0.554077 0.4391410000000001 0.024736 0.174375
0.0 0.58709 0.500137 0.020215 0.098984
0.0 0.614458 0.4805080000000001 0.018115 0.094219
0.0 0.637163 0.4781050000000001 0.015713 0.095547
0.0 0.041499 0.3779095000000001 0.00917 0.065234
0.0 0.060259 0.33625000000000005 0.009014 0.085938
0.0 0.128701 0.3985345 0.022891 0.131172
7.0 0.031333 0.4026955000000001 0.006729 0.10875
6.0 0.081401 0.37169950000000007 0.005654 0.131484
7.0 0.327476 0.28691350000000004 0.006221 0.117812
7.0 0.466836 0.4592965 0.00707 0.1725
6.0 0.483916 0.4450585000000001 0.00498 0.101328
6.0 0.4873 0.4455865000000001 0.004111 0.099375
