6.0 0.082046 0.36542950000000013 0.005439 0.103906
0.0 0.493589 0.802246 0.036123 0.261172
0.0 0.500884 0.6343165000000001 0.028311 0.189453
0.0 0.556553 0.4450585000000001 0.025059 0.174297
0.0 0.590122 0.5037115000000001 0.020049 0.102031
0.0 0.61707 0.485254 0.018223 0.095078
0.0 0.639907 0.481153 0.015713 0.101172
0.0 0.042241 0.3823630000000001 0.00917 0.065234
0.0 0.061011 0.33625000000000005 0.009014 0.085938
0.0 0.127759 0.3932620000000001 0.022471 0.132422
7.0 0.031655 0.4022260000000001 0.007432 0.115938
6.0 0.078042 0.3678325000000001 0.005654 0.127266
7.0 0.321675 0.290722 0.006221 0.110703
7.0 0.453882 0.452266 0.007061 0.1725
6.0 0.487725 0.45683650000000003 0.00498 0.106094
6.0 0.491865 0.45250000000000007 0.004102 0.100938
