6.0 0.120552 0.5025385000000001 0.008916 0.292813
6.0 0.562729 0.6482035 0.010088 0.34
6.0 0.551812 0.576895 0.00708 0.240859
6.0 0.571948 0.5517580000000001 0.006494 0.264531
6.0 0.577231 0.5784175 0.006553 0.297578
0.0 0.441362 0.41804650000000004 0.018369 0.123281
0.0 0.453896 0.6798445000000001 0.033047 0.346094
6.0 0.292666 0.361621 0.005371 0.184141
7.0 0.302632 0.3504295000000001 0.008857 0.110156
0.0 0.394736 0.36718750000000006 0.015937 0.146406
6.0 0.407505 0.3440425 0.004131 0.126953
0.0 0.466865 0.442246 0.017637 0.136797
0.0 0.97812 0.278653 0.006865 0.069609
0.0 0.513486 0.7234375000000002 0.043145 0.36875
6.0 0.524956 0.35664100000000004 0.002939 0.075156
