6.0 0.963159 0.28439500000000006 0.004209 0.120234
6.0 0.955703 0.3652540000000001 0.006895 0.205391
0.0 0.369517 0.850996 0.056807 0.198672
0.0 0.453784 0.7512115000000001 0.041162 0.331719
0.0 0.490479 0.4390825000000001 0.01416 0.197891
0.0 0.011704 0.58498 0.023193 0.338047
6.0 0.095713 0.4288285 0.004766 0.168906
7.0 0.128237 0.5159575000000002 0.008428 0.248516
4.0 0.127979 0.6177340000000001 0.011895 0.14625
0.0 0.138306 0.3100585000000001 0.011455 0.050703
0.0 0.01354 0.2660545000000001 0.006416 0.064062
0.0 0.105776 0.32277400000000006 0.012041 0.065156
0.0 0.033193 0.3672460000000001 0.011406 0.092734
2.0 0.55604 0.465274 0.064307 0.71
0.0 0.508789 0.5493550000000001 0.015723 0.187734
