7.0 0.257539 0.4907035 0.004297 0.090938
0.0 0.415918 0.3669535 0.017441 0.116406
0.0 0.434561 0.37914100000000006 0.021191 0.130312
0.0 0.460972 0.334024 0.01667 0.093125
0.0 0.51248 0.2521675000000001 0.014551 0.109609
6.0 0.285371 0.7620505000000001 0.008711 0.294297
0.0 0.501401 0.7954494999999999 0.058857 0.272734
0.0 0.480674 0.633262 0.025039 0.265234
0.0 0.016738 0.7007620000000001 0.033477 0.398984
6.0 0.221274 0.47875 0.002217 0.069688
6.0 0.22938 0.4816795 0.001963 0.069531
0.0 0.359507 0.4074415 0.01583 0.114766
0.0 0.988726 0.7003510000000001 0.022549 0.399531
