6.0 0.069048 0.3149800000000001 0.004053 0.095078
7.0 0.992881 0.5031835 0.00877 0.338359
7.0 0.972466 0.35019550000000005 0.005166 0.147187
0.0 0.493779 0.7846675 0.032285 0.273047
0.0 0.503027 0.6680665000000001 0.028711 0.190234
0.0 0.523403 0.4609960000000001 0.026631 0.198984
0.0 0.567876 0.5015425000000001 0.018838 0.116641
0.0 0.609624 0.49421950000000003 0.020264 0.110313
0.0 0.640757 0.47927800000000004 0.016729 0.110078
0.0 0.137979 0.3932035000000001 0.027715 0.124531
0.0 0.061392 0.33625000000000005 0.009014 0.085938
0.0 0.126968 0.38886700000000013 0.0221 0.133594
6.0 0.055791 0.3220705 0.004766 0.110312
7.0 0.263486 0.3229495000000001 0.005 0.068516
7.0 0.391543 0.2790040000000001 0.006133 0.094922
6.0 0.509995 0.4696090000000001 0.004971 0.110469
6.0 0.517075 0.4625200000000001 0.005283 0.108672
