6.0 0.965171 0.2844535000000001 0.004033 0.107656
6.0 0.960713 0.355 0.006621 0.188281
0.0 0.274175 0.9005079999999999 0.059287 0.132656
0.0 0.421201 0.794218 0.068574 0.274375
0.0 0.487339 0.45753850000000007 0.017256 0.24
0.0 0.01106 0.5658205000000002 0.021963 0.320625
6.0 0.087646 0.406387 0.004395 0.155547
7.0 0.121719 0.49902400000000013 0.008242 0.213281
4.0 0.122065 0.6086530000000001 0.011338 0.132891
0.0 0.142593 0.3102925 0.012314 0.059297
0.0 0.013135 0.2627155 0.005957 0.060391
0.0 0.109854 0.31679650000000004 0.011348 0.057813
0.0 0.029775 0.3483205000000001 0.009531 0.077344
2.0 0.556782 0.4602925 0.064619 0.715859
0.0 0.509375 0.540508 0.015313 0.184844
