7.0 0.242598 0.4820905 0.00377 0.076641
0.0 0.372993 0.406387 0.018838 0.113984
0.0 0.514663 0.28984450000000006 0.016143 0.105156
0.0 0.399448 0.3664255000000001 0.026494 0.189453
0.0 0.425835 0.37257850000000003 0.017256 0.097812
0.0 0.478657 0.2901955 0.018857 0.131875
0.0 0.452578 0.3289840000000001 0.014043 0.094531
0.0 0.514097 0.2780080000000001 0.013252 0.075
6.0 0.310425 0.7608790000000002 0.005146 0.279609
0.0 0.501401 0.7954494999999999 0.058857 0.272734
0.0 0.480674 0.633262 0.025039 0.265234
0.0 0.016714 0.7007620000000001 0.033428 0.398984
6.0 0.219038 0.4769920000000001 0.002217 0.064844
0.0 0.988726 0.7003510000000001 0.022549 0.399531
