6.0 0.962759 0.2580280000000001 0.002588 0.095703
7.0 0.494463 0.3687115000000001 0.004551 0.05875
7.0 0.519009 0.3839455 0.005342 0.077656
6.0 0.164199 0.5734375 0.008926 0.355469
6.0 0.60896 0.7315825 0.010088 0.345078
6.0 0.588906 0.6012115000000001 0.008457 0.3275
6.0 0.611846 0.6280465000000001 0.008809 0.342187
6.0 0.620107 0.6661915 0.008633 0.411016
0.0 0.393481 0.38218750000000007 0.015068 0.082656
0.0 0.038184 0.5584375 0.031211 0.276406
6.0 0.320713 0.3962500000000001 0.005371 0.187813
7.0 0.417271 0.4182220000000001 0.008857 0.110078
0.0 0.495303 0.4291795000000001 0.016113 0.123906
6.0 0.358257 0.3316795 0.004131 0.097969
0.0 0.419712 0.7607620000000002 0.07249 0.293516
0.0 0.975752 0.4546675000000001 0.021289 0.225078
0.0 0.513486 0.7234375000000002 0.043145 0.36875
6.0 0.532383 0.387403 0.002949 0.103828
