0.0 0.528701 0.5866210000000001 0.02623 0.202109
7.0 0.465884 0.4791010000000001 0.004346 0.143594
4.0 0.46564 0.5440825 0.003799 0.098047
6.0 0.726997 0.386407 0.004346 0.097187
0.0 0.015635 0.6721675 0.03127 0.437109
2.0 0.053682 0.3206635 0.016992 0.161875
0.0 0.053062 0.5801170000000001 0.021924 0.234531
0.0 0.079897 0.739024 0.055283 0.347969
6.0 0.199414 0.3927925000000001 0.003496 0.092578
0.0 0.235054 0.8780665000000002 0.098584 0.162578
0.0 0.40605 0.6819535000000001 0.088936 0.424063
0.0 0.505425 0.7460545000000001 0.033994 0.338594
7.0 0.572554 0.5427925000000001 0.006943 0.285547
4.0 0.573276 0.6482035 0.017119 0.144531
7.0 0.556011 0.5350585 0.007979 0.262891
6.0 0.712002 0.41160100000000005 0.002891 0.097656
