6.0 0.079521 0.35664100000000004 0.004668 0.098906
0.0 0.493628 0.7988469999999999 0.0354 0.263672
0.0 0.503027 0.6680665000000001 0.028711 0.190234
0.0 0.55792 0.454258 0.025547 0.174375
0.0 0.591328 0.5023630000000001 0.019805 0.106641
0.0 0.617319 0.4851955 0.018721 0.09875
0.0 0.640435 0.4816795 0.01585 0.102031
0.0 0.045571 0.38084050000000014 0.00917 0.065234
0.0 0.061392 0.33625000000000005 0.009014 0.085938
0.0 0.126968 0.38886700000000013 0.0221 0.133594
7.0 0.02877 0.40152400000000005 0.008516 0.126875
6.0 0.072329 0.3763285000000001 0.005654 0.127188
7.0 0.312607 0.296347 0.006211 0.098828
7.0 0.435562 0.42554650000000005 0.006729 0.147188
6.0 0.491816 0.46234450000000005 0.00498 0.108594
6.0 0.497197 0.4570705000000001 0.004102 0.102031
