6.0 0.430312 0.6033205 0.007734 0.242344
6.0 0.438682 0.5218165000000001 0.006426 0.184609
7.0 0.227939 0.5999800000000001 0.008867 0.313359
5.0 0.681235 0.35072200000000003 0.007939 0.217891
5.0 0.67396 0.3678325000000001 0.00751 0.223359
0.0 0.695186 0.1578325 0.014629 0.157891
4.0 0.643799 0.35570350000000006 0.013223 0.224062
4.0 0.621807 0.3008005 0.011973 0.196328
5.0 0.662739 0.29927800000000004 0.008486 0.204609
6.0 0.600732 0.5872075000000001 0.019238 0.546641
7.0 0.219033 0.6012700000000002 0.008809 0.328828
6.0 0.511245 0.4486330000000001 0.005303 0.135156
6.0 0.520425 0.4176370000000001 0.005264 0.125703
4.0 0.221812 0.7079095000000001 0.026514 0.213984
