6.0 0.962681 0.2580865000000001 0.002588 0.095938
7.0 0.492686 0.3685345 0.004551 0.058828
7.0 0.515923 0.38511700000000004 0.0054 0.078906
6.0 0.166284 0.5766595000000001 0.009131 0.358203
6.0 0.610459 0.7332820000000001 0.010098 0.344063
6.0 0.590068 0.6030865000000001 0.008516 0.329844
6.0 0.613184 0.630391 0.008906 0.343594
6.0 0.622163 0.6663085000000001 0.008721 0.413359
0.0 0.392334 0.380488 0.01498 0.080859
0.0 0.034604 0.5362300000000001 0.029521 0.264609
6.0 0.321758 0.3978325 0.005371 0.188047
7.0 0.419346 0.42080050000000013 0.008848 0.110078
0.0 0.498862 0.43099600000000005 0.015947 0.122578
6.0 0.357163 0.3310945 0.004131 0.097969
0.0 0.406572 0.7787500000000002 0.077598 0.274531
0.0 0.974888 0.467149 0.021982 0.231094
0.0 0.513486 0.7234375000000002 0.043145 0.36875
6.0 0.532495 0.38716750000000005 0.002939 0.103828
