7.0 0.459355 0.41511700000000007 0.004102 0.11375
4.0 0.459697 0.4812115 0.004746 0.066719
4.0 0.705498 0.5563285000000001 0.010547 0.205156
0.0 0.018218 0.6864655000000002 0.035381 0.418047
0.0 0.055146 0.4720705000000001 0.023418 0.151094
0.0 0.096016 0.4273045 0.019688 0.140469
6.0 0.352002 0.6373045 0.006797 0.310781
0.0 0.078232 0.7517380000000001 0.05584 0.328203
0.0 0.511187 0.6675385000000001 0.026709 0.297031
0.0 0.524033 0.42044950000000003 0.010117 0.082578
0.0 0.509536 0.4111330000000001 0.010732 0.078281
6.0 0.961196 0.3535345 0.004697 0.156328
4.0 0.82811 0.5365825000000001 0.015654 0.210859
4.0 0.806479 0.5592580000000001 0.011768 0.188594
4.0 0.762026 0.5646490000000001 0.012861 0.179375
