0.0 0.981392 0.33431650000000007 0.012939 0.161484
0.0 0.951514 0.6332035 0.044824 0.401094
0.0 0.929468 0.5106835000000001 0.029502 0.273203
0.0 0.137871 0.858028 0.074023 0.189297
0.0 0.459546 0.6276370000000001 0.02708 0.240547
0.0 0.483267 0.41253850000000003 0.008916 0.097344
2.0 0.007939 0.17869150000000003 0.005508 0.062578
2.0 0.013032 0.18613300000000002 0.00583 0.0875
0.0 0.007847 0.2347075 0.003994 0.039141
0.0 0.003584 0.2132035 0.00373 0.025938
0.0 0.012695 0.7203910000000001 0.025391 0.372812
0.0 0.991602 0.6988285000000001 0.016797 0.401563
0.0 0.013491 0.286738 0.007354 0.050078
0.0 0.519434 0.38664100000000007 0.009531 0.104531
0.0 0.50481 0.7508005 0.039795 0.332266
0.0 0.505825 0.4471675000000001 0.018643 0.104766
0.0 0.020737 0.3462700000000001 0.010283 0.095078
0.0 0.543721 0.581875 0.03125 0.403594
0.0 0.031787 0.4373245 0.015332 0.164297
