0.0 0.505747 0.2716210000000001 0.014619 0.094453
6.0 0.266406 0.7905865 0.008418 0.19625
0.0 0.501401 0.7954494999999999 0.058857 0.272734
0.0 0.480674 0.633262 0.025039 0.265234
0.0 0.363188 0.4177540000000001 0.017334 0.099297
0.0 0.430845 0.3680665 0.015088 0.099297
0.0 0.016748 0.7007620000000001 0.033496 0.398984
6.0 0.227671 0.48238300000000006 0.002217 0.076562
6.0 0.236089 0.48437500000000006 0.001963 0.069531
0.0 0.47375 0.2974030000000001 0.015762 0.108672
6.0 0.115151 0.3303910000000001 0.002354 0.064844
0.0 0.988726 0.7003510000000001 0.022549 0.399531
