6.0 0.438428 0.565528 0.006738 0.219609
6.0 0.444912 0.5008405000000001 0.005586 0.163359
7.0 0.255479 0.6176755000000002 0.009141 0.319609
5.0 0.65731 0.36947200000000013 0.007197 0.207109
5.0 0.650986 0.3694135000000001 0.005957 0.187656
0.0 0.679614 0.16656250000000006 0.015107 0.159687
4.0 0.62353 0.36097600000000013 0.013584 0.209375
4.0 0.607842 0.301621 0.010742 0.168359
5.0 0.644014 0.30232450000000005 0.007969 0.189609
0.0 0.008896 0.32623 0.006816 0.060234
6.0 0.573076 0.6121675000000001 0.016113 0.517109
7.0 0.247036 0.6220705000000001 0.006963 0.336563
6.0 0.509189 0.421855 0.004961 0.115859
6.0 0.518711 0.41154250000000003 0.005371 0.121953
4.0 0.245757 0.7189255000000001 0.026084 0.214609
