7.0 0.476689 0.45097600000000004 0.003652 0.115937
4.0 0.476416 0.503125 0.004004 0.06875
0.0 0.018848 0.67123 0.037695 0.438359
2.0 0.06188 0.33654250000000013 0.01917 0.198359
0.0 0.066904 0.6783790000000001 0.032773 0.319297
0.0 0.118809 0.774121 0.093125 0.301172
6.0 0.206304 0.384472 0.003486 0.092578
0.0 0.358701 0.8406250000000002 0.091973 0.2125
0.0 0.43915 0.6760345000000001 0.057012 0.431953
0.0 0.503682 0.7442965000000001 0.035215 0.340938
7.0 0.561343 0.5345905000000001 0.00667 0.263672
4.0 0.561899 0.613282 0.014287 0.14375
7.0 0.54624 0.4700785000000001 0.006172 0.152187
6.0 0.69647 0.4315240000000001 0.003018 0.091875
