0.0 0.982158 0.3135745 0.017266 0.208672
0.0 0.437271 0.5570905 0.021299 0.198359
6.0 0.526938 0.680722 0.018584 0.425703
6.0 0.591875 0.40662100000000007 0.007363 0.231484
0.0 0.005249 0.405976 0.010498 0.15375
0.0 0.405957 0.736093 0.058203 0.351875
0.0 0.777515 0.7254295000000002 0.144873 0.366094
6.0 0.927329 0.3143950000000001 0.010088 0.305234
0.0 0.915039 0.6634375000000001 0.087148 0.4475
7.0 0.94917 0.5608405000000002 0.014453 0.418516
0.0 0.988687 0.4341595000000001 0.022627 0.309297
0.0 0.458853 0.4111330000000001 0.015068 0.181094
0.0 0.469546 0.4286530000000001 0.013232 0.079297
0.0 0.471987 0.43750000000000006 0.012021 0.077031
