0.0 0.472705 0.308125 0.015977 0.103906
0.0 0.428647 0.4240825000000001 0.023037 0.135703
0.0 0.516978 0.2655280000000001 0.011729 0.071953
6.0 0.26856 0.7353325000000002 0.006885 0.286328
0.0 0.501401 0.7954494999999999 0.058857 0.272734
0.0 0.480674 0.633262 0.025039 0.265234
0.0 0.328857 0.4234375 0.012793 0.067187
0.0 0.386704 0.40556650000000005 0.014111 0.098828
0.0 0.016777 0.7007620000000001 0.033555 0.398984
6.0 0.224634 0.48132850000000005 0.002217 0.076562
6.0 0.233208 0.4846090000000001 0.001963 0.069531
0.0 0.430889 0.3410545 0.016641 0.118437
6.0 0.113911 0.3303910000000001 0.002354 0.064844
0.0 0.988726 0.7003510000000001 0.022549 0.399531
