7.0 0.476016 0.4509175 0.003711 0.116484
4.0 0.475972 0.5058205000000001 0.004111 0.070781
0.0 0.018569 0.6712885000000001 0.037139 0.438281
2.0 0.061309 0.33320350000000004 0.019023 0.192969
0.0 0.065723 0.671641 0.031875 0.312656
0.0 0.115649 0.7708405 0.08999 0.305547
6.0 0.205957 0.3852925000000001 0.003496 0.092578
0.0 0.353398 0.8470705000000002 0.091816 0.203906
0.0 0.437632 0.676153 0.058955 0.431797
0.0 0.503818 0.7444135000000002 0.035117 0.340781
7.0 0.561812 0.5352925000000001 0.006689 0.264922
4.0 0.562725 0.6158005 0.014473 0.143359
7.0 0.546943 0.47886700000000004 0.006211 0.165781
6.0 0.697461 0.43146550000000006 0.003008 0.092266
