0.0 0.669194 0.37662100000000004 0.014736 0.124922
6.0 0.645107 0.4016410000000001 0.004551 0.14375
7.0 0.321914 0.700117 0.012813 0.396406
0.0 0.4225 0.4966795 0.021348 0.115313
7.0 0.187759 0.4598245 0.010322 0.266328
6.0 0.205684 0.5070505000000002 0.00584 0.224766
6.0 0.20022 0.635371 0.008721 0.399141
6.0 0.206543 0.6704095000000001 0.007695 0.371641
6.0 0.223389 0.6320305 0.00918 0.391094
6.0 0.31082 0.5918950000000001 0.009707 0.365859
0.0 0.439644 0.420859 0.018174 0.089844
0.0 0.436519 0.4301755000000001 0.018115 0.075234
0.0 0.419702 0.47136700000000004 0.022373 0.12375
