7.0 0.065098 0.3827155000000001 0.006523 0.155859
0.0 0.981582 0.2974030000000001 0.018672 0.213672
0.0 0.436704 0.5786530000000001 0.021299 0.211953
6.0 0.538267 0.680722 0.018584 0.425703
6.0 0.592725 0.40316350000000006 0.006953 0.224375
0.0 0.005186 0.40011700000000006 0.010371 0.15375
0.0 0.382124 0.774238 0.070322 0.301016
0.0 0.778501 0.7212700000000001 0.144248 0.371641
6.0 0.929673 0.3022075 0.009639 0.304453
0.0 0.915635 0.6549415000000001 0.088457 0.458984
7.0 0.950195 0.5351170000000001 0.014453 0.413906
0.0 0.988408 0.43252000000000007 0.023184 0.307109
0.0 0.458853 0.4165825000000001 0.015068 0.178359
0.0 0.469346 0.43105450000000006 0.013223 0.079375
0.0 0.471855 0.4401370000000001 0.012031 0.076953
