7.0 0.2396 0.4776955 0.003398 0.072187
0.0 0.362461 0.4117180000000001 0.019258 0.109844
0.0 0.526748 0.2645320000000001 0.011152 0.104063
0.0 0.422539 0.34275400000000006 0.026621 0.189141
0.0 0.416665 0.37972600000000006 0.017256 0.097812
0.0 0.46981 0.295762 0.019287 0.134766
0.0 0.436143 0.3475 0.014043 0.094531
0.0 0.499814 0.29212900000000014 0.014062 0.079453
6.0 0.317056 0.7590625000000001 0.006318 0.28
0.0 0.501401 0.7954494999999999 0.058857 0.272734
0.0 0.480674 0.633262 0.025039 0.265234
0.0 0.016709 0.7007620000000001 0.033418 0.398984
6.0 0.218452 0.4764655000000001 0.002217 0.063516
0.0 0.988726 0.7003510000000001 0.022549 0.399531
