0.0 0.08021 0.39607450000000005 0.012822 0.072422
7.0 0.20043 0.6404095000000001 0.009102 0.331797
4.0 0.200186 0.7646875 0.019805 0.215469
6.0 0.441113 0.484726 0.004219 0.142344
6.0 0.473184 0.4148245 0.003457 0.093984
6.0 0.466411 0.4321675000000001 0.003662 0.098828
6.0 0.46415 0.44769550000000014 0.003867 0.115
6.0 0.542827 0.4240825000000001 0.004385 0.144453
6.0 0.538799 0.4251955000000001 0.003594 0.138281
6.0 0.533062 0.412774 0.003877 0.124219
0.0 0.967593 0.6391210000000002 0.032061 0.312422
4.0 0.868369 0.4772845 0.010898 0.149766
0.0 0.018193 0.7064455000000002 0.036387 0.391406
0.0 0.005801 0.35459050000000003 0.010957 0.098516
6.0 0.116777 0.5504095000000001 0.006289 0.255234
0.0 0.023936 0.4322260000000001 0.017031 0.133281
0.0 0.509019 0.76123 0.040264 0.318359
0.0 0.520986 0.43298800000000004 0.010117 0.082578
0.0 0.505171 0.4816795 0.016514 0.126719
4.0 0.917881 0.41476600000000013 0.011953 0.12625
4.0 0.911128 0.4157035000000001 0.010557 0.110781
4.0 0.894907 0.4348045 0.013428 0.140469
