6.0 0.121704 0.5033590000000001 0.008916 0.292813
6.0 0.564243 0.6455665000000002 0.010088 0.340078
6.0 0.552964 0.5777155000000002 0.00708 0.240859
6.0 0.573169 0.5483005000000001 0.006494 0.264453
6.0 0.578452 0.5809960000000001 0.006553 0.297578
0.0 0.439019 0.4154095 0.017451 0.118672
0.0 0.45188 0.6970705 0.034912 0.357656
6.0 0.29353 0.3633205000000001 0.005381 0.184219
7.0 0.30666 0.35822200000000004 0.008848 0.110078
0.0 0.397471 0.36718750000000006 0.015937 0.146406
6.0 0.405654 0.3495505 0.004141 0.120234
0.0 0.467529 0.450274 0.017891 0.140781
0.0 0.978184 0.281758 0.007148 0.073906
0.0 0.513486 0.7234375000000002 0.043145 0.36875
6.0 0.525278 0.35839900000000013 0.002939 0.076719
