0.0 0.052993 0.39701200000000003 0.015596 0.116797
0.0 0.104814 0.5706835000000001 0.036094 0.249297
0.0 0.36457 0.7656250000000001 0.055703 0.3125
0.0 0.302207 0.496621 0.027012 0.139766
2.0 0.453101 0.3997075000000001 0.027686 0.214453
2.0 0.436265 0.4169335 0.04874 0.288984
6.0 0.245781 0.6459760000000001 0.006992 0.257344
6.0 0.243979 0.6177340000000001 0.005635 0.245
0.0 0.225537 0.4543165 0.025879 0.149453
0.0 0.2954 0.452266 0.0225 0.114375
0.0 0.479121 0.44253850000000006 0.009844 0.065938
0.0 0.444102 0.531601 0.023535 0.20625
6.0 0.392188 0.5204680000000002 0.005273 0.185469
6.0 0.544922 0.38265550000000004 0.003516 0.11
0.0 0.007725 0.48537100000000005 0.01416 0.166328
0.0 0.508892 0.5659375 0.015615 0.165469
6.0 0.07562 0.3667780000000001 0.004502 0.098359
