0.0 0.509849 0.2660545000000001 0.014248 0.092187
6.0 0.266133 0.7975585 0.008594 0.185078
0.0 0.501401 0.7954494999999999 0.058857 0.272734
0.0 0.480674 0.633262 0.025039 0.265234
0.0 0.369321 0.41265550000000006 0.017334 0.099375
0.0 0.436318 0.36209050000000004 0.014941 0.098047
0.0 0.016655 0.7007620000000001 0.033311 0.398984
6.0 0.227979 0.48238300000000006 0.002246 0.076562
6.0 0.236431 0.484258 0.001963 0.069531
0.0 0.478804 0.2921875 0.015635 0.107344
6.0 0.115249 0.3303910000000001 0.002354 0.064844
0.0 0.988726 0.7003510000000001 0.022549 0.399531
