6.0 0.375146 0.7075000000000001 0.01084 0.39
6.0 0.391289 0.6903325000000001 0.01209 0.268984
6.0 0.3971 0.6701170000000002 0.01166 0.269531
6.0 0.41312 0.6125785000000001 0.008525 0.237656
7.0 0.152007 0.5110345000000002 0.007998 0.260234
5.0 0.783672 0.3150970000000001 0.010664 0.242734
5.0 0.779458 0.3333205000000001 0.011807 0.259219
0.0 0.745635 0.12712900000000005 0.012559 0.147422
4.0 0.755054 0.3822460000000001 0.00874 0.268984
4.0 0.716587 0.2765425000000001 0.010732 0.261016
6.0 0.834351 0.5372260000000001 0.020068 0.615781
7.0 0.144614 0.5158405000000001 0.007451 0.263828
6.0 0.519282 0.5123830000000001 0.007158 0.224063
6.0 0.530122 0.4685545000000001 0.00749 0.143125
4.0 0.149102 0.5940625 0.020566 0.151406
