6.0 0.966499 0.3379495000000001 0.006162 0.159609
0.0 0.112021 0.721093 0.044355 0.217187
0.0 0.158076 0.8437299999999999 0.117715 0.208359
0.0 0.482114 0.4883005 0.022432 0.310078
0.0 0.00999 0.5337115000000001 0.019902 0.291563
6.0 0.078286 0.3937885000000001 0.004131 0.13875
7.0 0.112925 0.48296800000000006 0.008135 0.192031
4.0 0.113145 0.6009175 0.01041 0.114453
0.0 0.147065 0.30033250000000006 0.011943 0.050078
0.0 0.012681 0.26845750000000007 0.005225 0.054297
0.0 0.115283 0.31855450000000013 0.01084 0.057031
0.0 0.025552 0.32535100000000006 0.006865 0.067344
2.0 0.558018 0.45197200000000004 0.065137 0.725547
0.0 0.510063 0.5272660000000001 0.014463 0.179688
