6.0 0.069048 0.3149800000000001 0.004053 0.095078
7.0 0.97272 0.6129880000000001 0.012627 0.419141
7.0 0.978076 0.3768550000000001 0.005488 0.147266
7.0 0.971387 0.3486715 0.004629 0.151094
0.0 0.493779 0.7918749999999999 0.032285 0.263437
0.0 0.503027 0.6680665000000001 0.028711 0.190234
0.0 0.50457 0.4752925 0.026973 0.229766
0.0 0.545186 0.5135545000000001 0.019082 0.10875
0.0 0.594341 0.5049415000000002 0.020264 0.110234
0.0 0.6348 0.482149 0.017041 0.115
0.0 0.179692 0.374512 0.014873 0.105234
0.0 0.061392 0.33625000000000005 0.009014 0.085938
0.0 0.126968 0.38886700000000013 0.0221 0.133594
6.0 0.054873 0.3119920000000001 0.00416 0.101094
7.0 0.253545 0.3333205000000001 0.005 0.068437
7.0 0.385039 0.2543365 0.00584 0.085469
6.0 0.514971 0.475234 0.00498 0.111406
6.0 0.521973 0.46591750000000004 0.005293 0.108672
