6.0 0.572432 0.3704095000000001 0.004902 0.147266
0.0 0.563979 0.5980465 0.032061 0.295781
7.0 0.109536 0.6250585000000001 0.01542 0.409766
0.0 0.291323 0.4465240000000001 0.0246 0.133594
6.0 0.036709 0.530722 0.007969 0.350703
6.0 0.044429 0.5270320000000001 0.007705 0.33375
6.0 0.071401 0.48332050000000004 0.008408 0.3175
6.0 0.11167 0.4909960000000001 0.009707 0.365859
0.0 0.322407 0.365605 0.019268 0.088359
0.0 0.319204 0.38816350000000005 0.018115 0.08625
0.0 0.306699 0.402403 0.023301 0.141172
