7.0 0.521196 0.37164100000000005 0.004541 0.05875
6.0 0.139858 0.5249800000000001 0.008467 0.314609
6.0 0.586533 0.7065625 0.010098 0.359219
6.0 0.571416 0.5734375 0.007559 0.292969
6.0 0.591802 0.593593 0.007295 0.322344
6.0 0.597104 0.6329695000000001 0.007275 0.376719
0.0 0.410801 0.4066795000000001 0.016348 0.110313
0.0 0.286021 0.8657035000000001 0.105967 0.179063
6.0 0.305469 0.3728710000000001 0.005371 0.184141
7.0 0.371611 0.38107450000000004 0.008848 0.110078
0.0 0.441929 0.40252000000000004 0.018564 0.143828
6.0 0.379116 0.343633 0.004131 0.122188
0.0 0.468745 0.593476 0.022998 0.241563
0.0 0.979136 0.3286915 0.01124 0.137578
0.0 0.513486 0.7234375000000002 0.043145 0.36875
6.0 0.530112 0.3848245000000001 0.002939 0.099297
