0.0 0.983384 0.211504 0.005459 0.047578
0.0 0.988823 0.24408250000000006 0.006826 0.062266
6.0 0.95811 0.26394550000000006 0.002588 0.115312
6.0 0.960947 0.266347 0.002578 0.114922
0.0 0.505322 0.3707620000000001 0.005391 0.062734
7.0 0.3929 0.3238285000000001 0.004551 0.05875
7.0 0.29687 0.29488300000000006 0.00749 0.112656
6.0 0.529468 0.38283250000000013 0.003525 0.081641
6.0 0.313652 0.6626170000000001 0.010937 0.394063
6.0 0.802085 0.7407805000000001 0.012979 0.324219
6.0 0.693018 0.6738085 0.011426 0.432422
6.0 0.7548 0.7133590000000001 0.012334 0.382188
6.0 0.80627 0.6636715000000002 0.009902 0.442031
0.0 0.380811 0.3568750000000001 0.014805 0.077187
6.0 0.387959 0.47459050000000014 0.005371 0.191641
7.0 0.446211 0.421855 0.008848 0.110078
6.0 0.314731 0.3054295000000001 0.004131 0.097969
0.0 0.541455 0.6060745000000001 0.023809 0.231641
0.0 0.513486 0.7234375000000002 0.043145 0.36875
6.0 0.536743 0.37837900000000013 0.002939 0.103828
