6.0 0.939194 0.337597 0.006494 0.201797
0.0 0.019946 0.7017580000000001 0.039463 0.397656
6.0 0.192324 0.6017380000000001 0.007031 0.275234
7.0 0.148232 0.5763085000000001 0.004863 0.271172
0.0 0.183101 0.31790950000000007 0.012432 0.071328
4.0 0.146406 0.6830665000000001 0.01332 0.175859
0.0 0.074746 0.3690625 0.012422 0.066094
0.0 0.086821 0.37415950000000003 0.014854 0.073672
0.0 0.023379 0.4012300000000001 0.012324 0.115859
0.0 0.061616 0.390976 0.010596 0.075469
0.0 0.413267 0.7825000000000001 0.047881 0.284844
2.0 0.714404 0.238399 0.344434 0.984531
0.0 0.505469 0.6538870000000001 0.025938 0.254766
