7.0 0.442065 0.4465825000000001 0.004893 0.137109
4.0 0.442046 0.5192965 0.006123 0.085625
4.0 0.752998 0.5561530000000001 0.009609 0.215234
0.0 0.016274 0.6879295000000001 0.032139 0.416094
0.0 0.032471 0.46199200000000007 0.021895 0.151094
0.0 0.067271 0.404863 0.019697 0.140391
6.0 0.29457 0.6912115000000001 0.00998 0.375937
0.0 0.050537 0.6789055 0.035703 0.329688
0.0 0.508633 0.6944335000000001 0.029023 0.312578
0.0 0.52292 0.419863 0.010117 0.082578
0.0 0.50918 0.4212115000000001 0.011758 0.086875
6.0 0.963638 0.338125 0.004424 0.137813
4.0 0.861128 0.484843 0.014834 0.182188
4.0 0.845542 0.5215825000000001 0.015654 0.176953
4.0 0.807495 0.5552740000000002 0.012119 0.175625
