6.0 0.962534 0.2583205 0.002588 0.096562
0.0 0.548696 0.4101955000000001 0.005947 0.07
7.0 0.489121 0.36812500000000004 0.004551 0.05875
7.0 0.509751 0.387403 0.005537 0.081641
6.0 0.170459 0.5831050000000001 0.009531 0.363672
6.0 0.613447 0.7366210000000001 0.010098 0.342266
6.0 0.592402 0.6068365 0.008633 0.334375
6.0 0.615854 0.6350200000000001 0.009111 0.346172
6.0 0.626289 0.6664840000000001 0.008906 0.417969
0.0 0.390024 0.3772660000000001 0.014814 0.077187
0.0 0.027456 0.4916995 0.026143 0.241016
6.0 0.323838 0.40105450000000004 0.005371 0.188594
7.0 0.423501 0.42595750000000004 0.008857 0.110078
0.0 0.503433 0.4169335 0.01624 0.141328
6.0 0.354976 0.3296875 0.004131 0.097969
0.0 0.380293 0.8149029999999999 0.087832 0.236641
0.0 0.973174 0.4919920000000001 0.023379 0.242969
0.0 0.513486 0.7234375000000002 0.043145 0.36875
6.0 0.53271 0.3866995000000001 0.002939 0.103828
