0.0 0.477437 0.47089900000000007 0.017549 0.134687
0.0 0.009668 0.252871 0.006934 0.068359
0.0 0.5071 0.523633 0.023906 0.212812
0.0 0.507422 0.7574215000000002 0.042637 0.31125
0.0 0.399453 0.4013470000000001 0.015176 0.093203
2.0 0.017603 0.19023400000000004 0.010557 0.117969
0.0 0.018413 0.29435500000000003 0.013564 0.142422
1.0 0.167964 0.24912100000000006 0.250596 0.998828
0.0 0.014985 0.6867580000000001 0.029971 0.414531
6.0 0.507285 0.3061915 0.00332 0.086641
6.0 0.512114 0.30736300000000005 0.003896 0.087422
