0.0 0.984312 0.332617 0.016455 0.19875
6.0 0.507095 0.680722 0.018584 0.425703
6.0 0.591763 0.405976 0.008096 0.244063
0.0 0.005356 0.4162300000000001 0.010713 0.153672
0.0 0.430283 0.6969535000000001 0.042246 0.378906
0.0 0.782324 0.7316410000000001 0.145938 0.357812
6.0 0.922339 0.344101 0.010869 0.340625
0.0 0.914004 0.6782035000000001 0.084863 0.427344
7.0 0.949834 0.566992 0.013848 0.4025
0.0 0.989175 0.4370320000000001 0.02165 0.313125
0.0 0.458853 0.40140550000000014 0.015068 0.185937
0.0 0.469897 0.42449200000000004 0.013232 0.079375
0.0 0.472227 0.432871 0.012031 0.076953
