6.0 0.44248 0.5466595000000001 0.00625 0.208203
7.0 0.26791 0.6127540000000001 0.009082 0.322734
5.0 0.649131 0.36712900000000004 0.007578 0.198672
5.0 0.643774 0.367597 0.005752 0.180234
0.0 0.675293 0.17160100000000006 0.014121 0.152969
4.0 0.617266 0.3575785 0.01377 0.203281
4.0 0.602109 0.3020905 0.010332 0.158672
5.0 0.636802 0.3068950000000001 0.007705 0.182109
0.0 0.009712 0.334141 0.00708 0.062344
6.0 0.564712 0.6268165 0.015869 0.497266
7.0 0.259888 0.6208990000000001 0.006201 0.334844
6.0 0.509072 0.4188085 0.004922 0.113984
6.0 0.51811 0.4082035000000001 0.00542 0.12
4.0 0.255933 0.7170505 0.025205 0.210547
