6.0 0.31377 0.6185545000000001 0.008652 0.38625
6.0 0.363257 0.662149 0.00751 0.352031
6.0 0.383223 0.69625 0.009121 0.3725
6.0 0.389819 0.6609760000000001 0.00751 0.29625
6.0 0.572363 0.5256835000000001 0.010742 0.354297
6.0 0.57834 0.44447200000000003 0.009004 0.232109
6.0 0.39938 0.6490825000000001 0.006904 0.303828
6.0 0.406201 0.6610930000000002 0.009961 0.354219
6.0 0.417432 0.6240625000000001 0.01002 0.314063
6.0 0.431924 0.58498 0.00998 0.188203
6.0 0.44231 0.587383 0.007451 0.246562
6.0 0.448354 0.5485345 0.006553 0.224922
6.0 0.461313 0.5197075000000001 0.005029 0.203203
6.0 0.456519 0.5248045000000001 0.007627 0.156406
6.0 0.823477 0.5928325 0.025898 0.542891
