0.0 0.038403 0.334141 0.006982 0.061719
0.0 0.110933 0.6072460000000002 0.033721 0.228359
0.0 0.342334 0.7447075000000001 0.059082 0.340391
0.0 0.455942 0.5078710000000001 0.016533 0.151328
0.0 0.354814 0.4780465000000001 0.022461 0.115937
2.0 0.47022 0.3983005000000001 0.012646 0.131016
2.0 0.447695 0.39355450000000003 0.021152 0.195312
6.0 0.319731 0.6341410000000002 0.006436 0.228281
6.0 0.311123 0.6196675000000001 0.006797 0.219766
0.0 0.290835 0.45127 0.025264 0.118516
0.0 0.340176 0.44500000000000006 0.019395 0.096562
0.0 0.47251 0.427891 0.012266 0.114219
6.0 0.423066 0.4757035 0.005312 0.132969
0.0 0.008311 0.4747075 0.01416 0.166328
0.0 0.508721 0.5647660000000001 0.015371 0.169375
6.0 0.089956 0.4007620000000001 0.005498 0.117734
6.0 0.076885 0.3553510000000001 0.003359 0.088125
