6.0 0.069048 0.3149800000000001 0.004053 0.095078
7.0 0.995923 0.45619150000000014 0.008154 0.336016
7.0 0.969302 0.3569335000000001 0.005166 0.146484
0.0 0.49377 0.7851955000000002 0.03252 0.273125
0.0 0.503027 0.6680665000000001 0.028711 0.190234
0.0 0.5298 0.461758 0.027627 0.197969
0.0 0.574478 0.5099800000000001 0.018838 0.122891
0.0 0.613062 0.4907035 0.020264 0.110312
0.0 0.640728 0.4798045 0.016611 0.108281
0.0 0.12668 0.405391 0.02373 0.124531
0.0 0.061392 0.33625000000000005 0.009014 0.085938
0.0 0.126968 0.38886700000000013 0.0221 0.133594
7.0 0.002202 0.505117 0.004404 0.231094
6.0 0.056924 0.3274615000000001 0.00498 0.116094
7.0 0.268306 0.32136700000000007 0.00501 0.068438
7.0 0.393955 0.2882035 0.00623 0.098438
6.0 0.508188 0.4675585000000001 0.004971 0.110078
6.0 0.515293 0.4612885 0.005293 0.108594
