6.0 0.201401 0.523105 0.00585 0.224766
0.0 0.667397 0.3408205000000001 0.015557 0.132031
6.0 0.644312 0.3713470000000001 0.004541 0.143828
7.0 0.314028 0.6990625 0.012803 0.394375
0.0 0.418809 0.4806835 0.021348 0.115391
7.0 0.183223 0.507637 0.009863 0.250234
6.0 0.194453 0.6650785000000001 0.008711 0.399062
6.0 0.201201 0.6790240000000002 0.007695 0.371563
6.0 0.218257 0.6405280000000001 0.00917 0.401172
6.0 0.303003 0.5882620000000002 0.009717 0.365859
0.0 0.437671 0.39671800000000007 0.018174 0.089844
0.0 0.433804 0.4077340000000001 0.018115 0.075156
0.0 0.416577 0.46164100000000013 0.022451 0.124375
