7.0 0.015269 0.3459175000000001 0.006357 0.146953
6.0 0.076714 0.34873000000000004 0.004053 0.095078
0.0 0.493662 0.7954494999999999 0.034687 0.266016
0.0 0.503027 0.6680665000000001 0.028711 0.190234
0.0 0.555923 0.461758 0.026182 0.177031
0.0 0.591172 0.505762 0.019551 0.111172
0.0 0.617568 0.485137 0.019219 0.102422
0.0 0.640508 0.4816795 0.015996 0.102031
0.0 0.051641 0.3813085000000001 0.012793 0.091172
0.0 0.061392 0.33625000000000005 0.009014 0.085938
0.0 0.126968 0.38886700000000013 0.0221 0.133594
7.0 0.023472 0.4029295 0.008506 0.126875
6.0 0.069878 0.3534175000000001 0.005654 0.127266
7.0 0.300684 0.301153 0.006211 0.075547
7.0 0.420449 0.381895 0.006504 0.118672
6.0 0.496211 0.4590040000000001 0.00498 0.108203
6.0 0.501313 0.4570705000000001 0.004111 0.102031
