6.0 0.069048 0.3149800000000001 0.004053 0.095078
7.0 0.974365 0.6091795000000001 0.010957 0.410156
7.0 0.977515 0.3748045000000001 0.00542 0.147187
7.0 0.970156 0.3486715 0.004629 0.151094
0.0 0.493779 0.79123 0.032285 0.264297
0.0 0.503027 0.6680665000000001 0.028711 0.190234
0.0 0.506245 0.4729495000000001 0.026787 0.225703
0.0 0.547251 0.5144335000000001 0.018838 0.108828
0.0 0.596255 0.504121 0.020264 0.110234
0.0 0.635825 0.4814455000000001 0.017021 0.114531
0.0 0.17665 0.3777925000000001 0.015078 0.107109
0.0 0.061392 0.33625000000000005 0.009014 0.085938
0.0 0.126968 0.38886700000000013 0.0221 0.133594
6.0 0.054932 0.3129295000000001 0.004219 0.101875
7.0 0.254277 0.3344335000000001 0.005 0.068516
7.0 0.385508 0.2559175 0.005859 0.086328
6.0 0.514517 0.474766 0.004971 0.11125
6.0 0.521528 0.4656250000000001 0.005283 0.108594
