0.0 0.439775 0.3438670000000001 0.017207 0.112656
0.0 0.508838 0.3346675 0.018262 0.135547
0.0 0.380195 0.425371 0.021309 0.124141
0.0 0.375845 0.40304650000000003 0.014385 0.092187
0.0 0.481763 0.310234 0.015889 0.08875
6.0 0.278887 0.7516210000000001 0.007559 0.293672
0.0 0.501401 0.7954494999999999 0.058857 0.272734
0.0 0.480674 0.633262 0.025039 0.265234
0.0 0.345239 0.4315240000000001 0.012061 0.087031
0.0 0.016753 0.7007620000000001 0.033506 0.398984
6.0 0.222563 0.479746 0.002217 0.072422
6.0 0.230571 0.4840240000000001 0.001963 0.069531
0.0 0.384941 0.3967195000000001 0.016504 0.12
6.0 0.111812 0.3303910000000001 0.002354 0.064844
0.0 0.988726 0.7003510000000001 0.022549 0.399531
