2.0 0.026245 0.2396875 0.010088 0.146406
2.0 0.062847 0.2815240000000001 0.044326 0.288906
0.0 0.065205 0.6784375000000001 0.037246 0.297969
0.0 0.023887 0.40216750000000007 0.01127 0.090234
0.0 0.004434 0.4376170000000001 0.008867 0.118594
0.0 0.998091 0.39765550000000005 0.003818 0.15875
0.0 0.436689 0.7746490000000001 0.048379 0.300469
0.0 0.976113 0.422851 0.016133 0.19875
0.0 0.50481 0.7508005 0.039795 0.332266
0.0 0.505825 0.4471675000000001 0.018643 0.104766
0.0 0.477856 0.4895305000000001 0.0121 0.096719
7.0 0.586987 0.2416795 0.004678 0.084219
7.0 0.575845 0.2999800000000001 0.006299 0.103672
7.0 0.63853 0.4142380000000001 0.010537 0.217109
0.0 0.987456 0.32576200000000005 0.008506 0.095547
0.0 0.527705 0.45097600000000004 0.012598 0.156719
0.0 0.712925 0.6107035000000002 0.15583 0.519062
0.0 0.485337 0.3988285 0.008115 0.060469
