0.0 0.982583 0.32570350000000003 0.016221 0.204844
6.0 0.518433 0.680722 0.018584 0.425703
6.0 0.591514 0.40785100000000013 0.007676 0.236875
0.0 0.005293 0.410371 0.010586 0.153672
0.0 0.420117 0.7117195000000001 0.048828 0.384375
0.0 0.779575 0.7280665000000001 0.145322 0.362578
6.0 0.925269 0.32634700000000005 0.01042 0.317109
0.0 0.9146 0.6697660000000001 0.086172 0.438906
7.0 0.948398 0.5801755000000001 0.014453 0.421953
0.0 0.988896 0.43539100000000003 0.022207 0.310937
0.0 0.458853 0.4069135 0.015068 0.183125
0.0 0.469697 0.4268365 0.013223 0.079375
0.0 0.47209 0.4355665000000001 0.012031 0.076953
