4.0 0.598115 0.4880080000000001 0.016094 0.118125
0.0 0.045937 0.6910945000000001 0.042402 0.411875
0.0 0.115249 0.566407 0.024736 0.163594
0.0 0.157139 0.4682035 0.02209 0.140469
6.0 0.408081 0.5191795 0.004971 0.173906
0.0 0.354854 0.8508205000000001 0.088223 0.198906
0.0 0.489072 0.6571675000000001 0.024668 0.291328
0.0 0.503716 0.429472 0.010127 0.082578
0.0 0.489409 0.399883 0.009443 0.0675
6.0 0.927905 0.3583405000000001 0.005967 0.111797
6.0 0.92231 0.380899 0.006064 0.221406
4.0 0.678159 0.5518750000000001 0.015244 0.221562
4.0 0.657168 0.5587885000000001 0.021328 0.165313
4.0 0.62833 0.545488 0.014668 0.160547
