0.0 0.478267 0.44892550000000003 0.008975 0.074453
0.0 0.037222 0.3333790000000001 0.008936 0.078672
0.0 0.053408 0.3968365 0.015488 0.127188
0.0 0.115093 0.6262885000000001 0.041045 0.265625
0.0 0.238691 0.4752925 0.025234 0.144609
2.0 0.389849 0.49035100000000004 0.102568 0.483281
2.0 0.415386 0.4400785000000001 0.084756 0.40625
6.0 0.173105 0.5591995000000001 0.005801 0.237266
6.0 0.175327 0.5661130000000001 0.005635 0.245078
0.0 0.16749 0.3813085000000001 0.015313 0.104453
0.0 0.242349 0.427774 0.023389 0.117656
0.0 0.467642 0.4597075 0.008193 0.095391
0.0 0.45812 0.5394535 0.020029 0.169063
0.0 0.286318 0.7073245000000001 0.075605 0.390234
6.0 0.33085 0.5721490000000001 0.005645 0.256406
6.0 0.554897 0.41306650000000006 0.004229 0.116641
0.0 0.007134 0.4960345000000001 0.01415 0.166328
0.0 0.507842 0.5648245000000002 0.015957 0.159922
6.0 0.063203 0.3326755 0.003516 0.078984
