0.0 0.975488 0.44500000000000006 0.019629 0.114062
0.0 0.98334 0.4096675000000001 0.020215 0.119922
6.0 0.144668 0.5075200000000002 0.005605 0.184297
6.0 0.170269 0.39607450000000005 0.006631 0.169922
6.0 0.176318 0.3852925000000001 0.006523 0.171484
6.0 0.240576 0.4943950000000001 0.004785 0.103828
6.0 0.247642 0.4693165 0.004326 0.088828
6.0 0.763071 0.468262 0.007803 0.261328
6.0 0.755688 0.47236300000000003 0.006924 0.269453
6.0 0.74833 0.4719535000000001 0.008203 0.256406
6.0 0.836123 0.635254 0.018906 0.480859
5.0 0.700435 0.6940825 0.00874 0.264297
5.0 0.934131 0.7700785000000001 0.013164 0.306562
5.0 0.713828 0.5836915000000001 0.006582 0.207578
5.0 0.719111 0.5437885000000001 0.00582 0.172656
5.0 0.827339 0.8156050000000001 0.007139 0.245859
5.0 0.82314 0.8099215000000001 0.006064 0.2525
5.0 0.816738 0.8123830000000001 0.007324 0.250156
5.0 0.799053 0.7750585000000001 0.016387 0.299922
