7.0 0.254199 0.4890040000000001 0.004238 0.087578
0.0 0.406255 0.37662100000000004 0.017529 0.116484
0.0 0.454224 0.3589255000000001 0.020693 0.126641
0.0 0.335122 0.3898045000000001 0.022354 0.131562
0.0 0.453574 0.34228450000000005 0.016797 0.094141
0.0 0.505352 0.2606050000000001 0.015527 0.114609
6.0 0.289951 0.7658590000000002 0.006426 0.294531
0.0 0.501401 0.7954494999999999 0.058857 0.272734
0.0 0.480674 0.633262 0.025039 0.265234
0.0 0.016733 0.7007620000000001 0.033467 0.398984
6.0 0.220806 0.47834050000000006 0.002217 0.068672
6.0 0.22895 0.48085900000000004 0.001963 0.069531
0.0 0.988726 0.7003510000000001 0.022549 0.399531
