6.0 0.557012 0.40140550000000014 0.004551 0.157813
0.0 0.539429 0.6644335000000001 0.039893 0.330234
7.0 0.085864 0.5832220000000001 0.01542 0.386641
0.0 0.268613 0.437383 0.025605 0.133594
6.0 0.017793 0.4994920000000001 0.007969 0.332969
6.0 0.02396 0.5073445000000001 0.007451 0.330937
6.0 0.050986 0.4408405 0.008418 0.290859
6.0 0.087793 0.4800970000000001 0.009707 0.365859
0.0 0.300586 0.36789100000000013 0.019258 0.088281
0.0 0.297549 0.39736300000000013 0.018125 0.098516
0.0 0.2846 0.408496 0.023301 0.141172
