0.0 0.482466 0.42929650000000014 0.011006 0.095313
2.0 0.017944 0.19627 0.00751 0.110234
2.0 0.030312 0.24636700000000006 0.016016 0.180313
0.0 0.019624 0.3504295000000001 0.009717 0.094687
0.0 0.01167 0.28539100000000006 0.007383 0.050469
0.0 0.007363 0.5424415000000001 0.014727 0.214766
0.0 0.995586 0.5139070000000001 0.008828 0.2525
0.0 0.058511 0.6704680000000001 0.036943 0.287813
0.0 0.886543 0.7016995 0.102969 0.397734
0.0 0.50481 0.7508005 0.039795 0.332266
0.0 0.505825 0.4471675000000001 0.018643 0.104766
0.0 0.369497 0.8509375000000001 0.075127 0.19875
7.0 0.575322 0.3608590000000001 0.004434 0.1225
0.0 0.978926 0.3835345 0.016992 0.194609
0.0 0.516714 0.35570350000000006 0.007783 0.087187
0.0 0.530688 0.45039100000000004 0.016533 0.249844
0.0 0.46229 0.6035545000000001 0.0279 0.258437
