7.0 0.455815 0.4213285 0.004092 0.119219
4.0 0.455723 0.4751170000000001 0.004902 0.0725
4.0 0.716621 0.5561530000000001 0.009609 0.215234
0.0 0.017734 0.6868165 0.03457 0.417578
0.0 0.049053 0.4689655000000001 0.02291 0.151172
0.0 0.088789 0.422851 0.019687 0.140469
6.0 0.339038 0.6545905000000002 0.007178 0.330078
0.0 0.06978 0.7353325000000002 0.048662 0.351172
0.0 0.511733 0.6711130000000002 0.027295 0.298203
0.0 0.52376 0.4203325 0.010117 0.082578
0.0 0.509575 0.41306650000000006 0.010986 0.080391
6.0 0.961899 0.3495505 0.004697 0.150391
4.0 0.839297 0.523633 0.015449 0.20375
4.0 0.818936 0.5439055000000002 0.011309 0.185625
4.0 0.774468 0.5643550000000002 0.012627 0.178984
