7.0 0.439355 0.4527925 0.005059 0.143672
4.0 0.439619 0.5294920000000002 0.006387 0.090625
4.0 0.759062 0.5561530000000001 0.009609 0.215234
0.0 0.01603 0.6881635 0.031729 0.415781
0.0 0.030273 0.4615825000000001 0.021895 0.151172
0.0 0.064229 0.4044535 0.019609 0.135937
6.0 0.286919 0.6948445000000001 0.010615 0.380156
0.0 0.048135 0.6628510000000001 0.034551 0.318281
0.0 0.508643 0.6991795000000001 0.029316 0.316719
0.0 0.522783 0.419863 0.010117 0.082578
0.0 0.509072 0.4227340000000001 0.011895 0.087969
6.0 0.963896 0.33630850000000007 0.004355 0.136172
4.0 0.864771 0.4783990000000001 0.014736 0.178594
4.0 0.84936 0.5156635 0.016572 0.175469
4.0 0.811562 0.550996 0.01207 0.174297
