7.0 0.38228 0.5489455 0.00708 0.237344
4.0 0.382964 0.6548830000000001 0.011807 0.141406
6.0 0.459844 0.4485160000000001 0.003984 0.119219
0.0 0.995 0.4638085 0.009219 0.122891
4.0 0.825435 0.5353510000000001 0.009482 0.198281
0.0 0.015977 0.6940825 0.031953 0.407891
0.0 0.033032 0.3533005000000001 0.014678 0.084609
6.0 0.187349 0.6698245 0.008271 0.355234
0.0 0.03332 0.5333005000000001 0.024258 0.252266
0.0 0.508779 0.742012 0.03334 0.343984
0.0 0.520986 0.41945350000000003 0.010117 0.082656
0.0 0.507539 0.444355 0.013691 0.103047
4.0 0.898374 0.44248000000000004 0.01583 0.159766
4.0 0.886274 0.4682035 0.014092 0.147344
4.0 0.866553 0.4909960000000001 0.015527 0.155234
