0.0 0.170879 0.4755280000000001 0.01791 0.091953
0.0 0.185688 0.4550200000000001 0.018682 0.092266
6.0 0.277715 0.5062300000000001 0.005977 0.154609
6.0 0.346445 0.40802800000000006 0.007227 0.158047
6.0 0.351313 0.395371 0.006182 0.156172
6.0 0.445596 0.535528 0.004082 0.099609
6.0 0.457837 0.5055865 0.004307 0.106563
6.0 0.044287 0.4454695000000001 0.005762 0.177031
6.0 0.039067 0.4353325 0.004756 0.183359
6.0 0.033521 0.449863 0.005908 0.156328
6.0 0.077373 0.4631635000000001 0.007051 0.214219
