6.0 0.957534 0.2862115 0.004697 0.151563
6.0 0.942344 0.3925 0.007617 0.25125
0.0 0.451406 0.6750970000000002 0.021172 0.228516
0.0 0.480742 0.5768365 0.016289 0.195469
0.0 0.493096 0.42806650000000007 0.010937 0.144141
0.0 0.013418 0.6361915000000001 0.026465 0.384609
6.0 0.118828 0.47171800000000014 0.005781 0.204688
7.0 0.142749 0.5284375000000001 0.007783 0.25375
4.0 0.142471 0.6431635000000001 0.013379 0.161719
0.0 0.128462 0.31480450000000004 0.012803 0.068437
0.0 0.014619 0.27484450000000005 0.007656 0.074062
0.0 0.095024 0.3358990000000001 0.012139 0.065156
0.0 0.045713 0.4386130000000001 0.018574 0.138984
2.0 0.559727 0.4573045 0.074785 0.722813
0.0 0.507227 0.5727925000000001 0.016836 0.195391
