0.0 0.053564 0.3760345 0.01248 0.091953
0.0 0.322622 0.7724214999999999 0.060479 0.303438
0.0 0.445698 0.5096875000000001 0.022588 0.195781
0.0 0.473579 0.43609300000000006 0.008857 0.075469
0.0 0.386714 0.4296490000000001 0.016533 0.100625
6.0 0.370112 0.5580865 0.006182 0.197656
6.0 0.361582 0.5456635000000001 0.004863 0.175625
0.0 0.338477 0.42021550000000013 0.020918 0.112891
0.0 0.371958 0.4223245 0.020127 0.092266
0.0 0.008843 0.4650970000000001 0.01417 0.166328
0.0 0.505996 0.5590825 0.015371 0.169453
6.0 0.109644 0.42800800000000006 0.005674 0.155781
0.0 0.028027 0.3125785 0.007031 0.065
6.0 0.096357 0.3873430000000001 0.004473 0.11625
6.0 0.976318 0.33226600000000006 0.003867 0.110312
