6.0 0.581797 0.36244150000000014 0.004551 0.143828
0.0 0.577236 0.5488870000000001 0.028691 0.271641
7.0 0.126704 0.6459175 0.01542 0.409766
0.0 0.305449 0.4282420000000001 0.023926 0.133594
6.0 0.049819 0.5427925000000001 0.007979 0.362734
6.0 0.05729 0.5444335000000001 0.007705 0.346953
6.0 0.084639 0.48039100000000007 0.008418 0.3175
6.0 0.127593 0.49832050000000006 0.009717 0.365781
0.0 0.335518 0.3493750000000001 0.019258 0.088281
0.0 0.332065 0.381484 0.018115 0.08625
0.0 0.320508 0.3902155000000001 0.023301 0.141172
