6.0 0.96312 0.25750000000000006 0.002588 0.094062
7.0 0.503379 0.3697075000000001 0.004551 0.058828
7.0 0.530659 0.38787100000000013 0.004951 0.069922
6.0 0.15376 0.5572660000000002 0.00791 0.341875
6.0 0.601484 0.7232620000000001 0.010098 0.349766
6.0 0.583071 0.5919535 0.008154 0.315938
6.0 0.605166 0.6166210000000001 0.008301 0.335547
6.0 0.612061 0.6565825000000002 0.008184 0.399609
0.0 0.399253 0.39033250000000014 0.015498 0.091953
0.0 0.06022 0.7133005000000001 0.053584 0.382266
6.0 0.315518 0.38822200000000007 0.005371 0.186484
7.0 0.40562 0.4052155000000001 0.008857 0.110078
0.0 0.47751 0.4203325 0.016934 0.130547
6.0 0.363721 0.3350785 0.004141 0.097969
0.0 0.446694 0.7439455 0.046318 0.339844
0.0 0.980039 0.3924415 0.017793 0.195391
0.0 0.513486 0.7234375000000002 0.043145 0.36875
6.0 0.531841 0.38857450000000004 0.002939 0.103828
