6.0 0.069048 0.3149800000000001 0.004053 0.095078
0.0 0.493745 0.7874214999999999 0.032998 0.271562
0.0 0.503027 0.6680665000000001 0.028711 0.190234
0.0 0.538267 0.46398400000000006 0.028369 0.196094
0.0 0.580796 0.5021875 0.018975 0.121875
0.0 0.616831 0.48642550000000007 0.020264 0.110234
0.0 0.640684 0.48062500000000014 0.016445 0.105625
0.0 0.103716 0.409375 0.020146 0.125937
0.0 0.061392 0.33625000000000005 0.009014 0.085938
0.0 0.126968 0.38886700000000013 0.0221 0.133594
7.0 0.007925 0.44998000000000005 0.008506 0.231016
6.0 0.059976 0.3285745 0.005322 0.121641
7.0 0.275537 0.319024 0.005 0.068437
7.0 0.397573 0.3020305000000001 0.006396 0.103594
6.0 0.505474 0.4645120000000001 0.004971 0.109609
6.0 0.512334 0.45988300000000004 0.005117 0.107656
