6.0 0.961147 0.28439500000000006 0.004385 0.132734
6.0 0.950693 0.3754495 0.007168 0.222578
0.0 0.415874 0.7999615000000001 0.040146 0.266719
0.0 0.470117 0.7053910000000001 0.026367 0.324062
0.0 0.491455 0.43498000000000003 0.012949 0.177734
0.0 0.012344 0.6041995000000001 0.024414 0.355547
6.0 0.104048 0.44839900000000005 0.005146 0.182344
7.0 0.134292 0.5177740000000001 0.008486 0.250781
4.0 0.13418 0.6309175 0.012461 0.158359
0.0 0.135986 0.3154495000000001 0.012461 0.068359
0.0 0.013945 0.26933650000000003 0.006875 0.067812
0.0 0.101694 0.32875000000000004 0.012725 0.072344
0.0 0.037061 0.3888085000000001 0.013418 0.112891
2.0 0.556914 0.4641595000000001 0.067227 0.712266
0.0 0.508203 0.5581450000000001 0.016133 0.190547
