6.0 0.080366 0.3595705 0.004932 0.100625
0.0 0.493613 0.7999615000000001 0.035645 0.262813
0.0 0.50249 0.6596290000000001 0.028613 0.190078
0.0 0.557856 0.45115300000000014 0.025381 0.174297
0.0 0.591279 0.5002540000000001 0.019883 0.105078
0.0 0.617236 0.4851955 0.018555 0.0975
0.0 0.64041 0.4816795 0.015801 0.102031
0.0 0.04437 0.38171800000000006 0.00917 0.065156
0.0 0.061392 0.33625000000000005 0.009014 0.085938
0.0 0.126968 0.38886700000000013 0.0221 0.133594
7.0 0.029873 0.4017580000000001 0.008145 0.123281
6.0 0.075156 0.3699415 0.005645 0.127266
7.0 0.315869 0.2945305000000001 0.006211 0.10375
7.0 0.441484 0.4371490000000001 0.006895 0.159844
6.0 0.491201 0.47283250000000004 0.00498 0.109297
6.0 0.495825 0.4570705000000001 0.004111 0.102031
