7.0 0.43394 0.4651555000000001 0.005381 0.156875
4.0 0.434316 0.5430865 0.005586 0.101719
4.0 0.769688 0.5561530000000001 0.009609 0.215234
0.0 0.015542 0.6885160000000001 0.030928 0.415312
0.0 0.05814 0.4036915000000001 0.019463 0.126797
6.0 0.271616 0.7018750000000001 0.011865 0.388594
0.0 0.045059 0.6346090000000001 0.033359 0.308906
0.0 0.508662 0.7086715 0.029883 0.325156
0.0 0.52251 0.4197460000000001 0.010117 0.082578
0.0 0.508853 0.4258405 0.012139 0.090078
6.0 0.964414 0.3325585 0.004219 0.132891
4.0 0.872051 0.46544950000000007 0.014531 0.171484
4.0 0.857007 0.50377 0.018408 0.172578
4.0 0.819707 0.5424415000000001 0.011992 0.171641
