7.0 0.843149 0.4980865 0.042021 0.669219
6.0 0.530679 0.4605280000000001 0.007393 0.241172
0.0 0.042168 0.6326755000000002 0.023477 0.305391
0.0 0.14564 0.9083590000000001 0.093623 0.122188
0.0 0.416553 0.49960900000000014 0.099707 0.667188
0.0 0.476338 0.570391 0.024766 0.285781
0.0 0.486113 0.476347 0.018301 0.183672
6.0 0.079028 0.4741210000000001 0.006982 0.248047
6.0 0.092373 0.4892965 0.009785 0.252812
0.0 0.029434 0.4012300000000001 0.023516 0.238203
6.0 0.058149 0.4161715000000001 0.005342 0.177656
6.0 0.053804 0.40855450000000004 0.006963 0.185625
