0.0 0.991123 0.32377000000000006 0.015469 0.172422
6.0 0.465356 0.6818365000000001 0.018467 0.424219
7.0 0.608945 0.2807035 0.006504 0.138281
6.0 0.591509 0.43474600000000013 0.008916 0.271328
0.0 0.0054 0.41546950000000005 0.010801 0.146875
0.0 0.445405 0.603496 0.028115 0.275234
0.0 0.803213 0.7228510000000001 0.14209 0.369531
6.0 0.911323 0.41066350000000007 0.012549 0.42875
0.0 0.92002 0.6895120000000001 0.074531 0.412266
7.0 0.958281 0.468847 0.01084 0.300078
0.0 0.99022 0.43550800000000006 0.019561 0.311094
0.0 0.458853 0.3932620000000001 0.015068 0.179453
0.0 0.470649 0.41546950000000005 0.013232 0.079375
0.0 0.472734 0.422968 0.012031 0.077031
