7.0 0.393608 0.5430280000000001 0.006982 0.236328
4.0 0.393574 0.6347845 0.011191 0.130234
6.0 0.461499 0.4456450000000001 0.003955 0.117266
0.0 0.996553 0.462754 0.006895 0.097422
4.0 0.818022 0.543613 0.009541 0.205078
0.0 0.015796 0.693028 0.031592 0.409297
0.0 0.036396 0.3528910000000001 0.014668 0.08375
6.0 0.198779 0.6754495000000001 0.008496 0.367891
0.0 0.034478 0.5420905 0.026006 0.261641
0.0 0.50876 0.7404295000000002 0.032773 0.346094
0.0 0.521123 0.4189255 0.010117 0.082578
0.0 0.507759 0.4413085 0.013428 0.100859
6.0 0.966992 0.3139255000000001 0.003516 0.116328
4.0 0.894526 0.448867 0.017432 0.166406
4.0 0.883125 0.4735945 0.014512 0.151719
4.0 0.860405 0.49960900000000014 0.011611 0.157969
