6.0 0.968174 0.38306650000000003 0.007891 0.248672
6.0 0.517803 0.42877 0.006348 0.175547
6.0 0.10188 0.4963870000000001 0.008389 0.262109
6.0 0.089561 0.4933990000000001 0.008555 0.305625
6.0 0.10812 0.5192380000000001 0.008682 0.255078
6.0 0.119365 0.598516 0.010313 0.323281
6.0 0.133457 0.6630865000000001 0.0075 0.338281
6.0 0.149048 0.6808405000000001 0.010967 0.330078
6.0 0.135659 0.6422260000000002 0.010557 0.375625
6.0 0.167588 0.7080865000000001 0.01291 0.320937
6.0 0.181665 0.7106635 0.010869 0.331406
6.0 0.957871 0.46796800000000005 0.010156 0.471875
6.0 0.950972 0.48677800000000004 0.012354 0.551484
6.0 0.920625 0.5253910000000002 0.012852 0.470312
6.0 0.937012 0.570391 0.025293 0.572812
6.0 0.858115 0.6669535000000001 0.020898 0.43125
6.0 0.91207 0.5800585 0.016094 0.559922
6.0 0.893799 0.5671675 0.016113 0.577109
6.0 0.82915 0.6991795000000001 0.02627 0.3925
6.0 0.872979 0.6251170000000001 0.023438 0.499844
6.0 0.746948 0.5172460000000001 0.029736 0.643672
6.0 0.782134 0.6635545000000002 0.021787 0.448594
6.0 0.734619 0.5574415 0.017676 0.590078
6.0 0.716377 0.5327155000000001 0.035879 0.623047
6.0 0.69458 0.6032035000000001 0.019238 0.529062
6.0 0.665547 0.6134575000000001 0.016152 0.515391
6.0 0.629155 0.6224215000000001 0.015654 0.503437
6.0 0.607959 0.6940825 0.021387 0.400391
6.0 0.58855 0.6674215000000001 0.014639 0.392656
6.0 0.579355 0.5666410000000001 0.00998 0.439375
6.0 0.570552 0.5897260000000001 0.007275 0.354531
6.0 0.559526 0.5415625000000001 0.005947 0.355
6.0 0.556553 0.5391595 0.005273 0.347734
6.0 0.549814 0.480742 0.008184 0.372188
6.0 0.539922 0.5081635 0.006484 0.310469
6.0 0.538003 0.5142580000000001 0.008545 0.319688
6.0 0.203633 0.6466210000000001 0.012402 0.471172
6.0 0.283872 0.6531835 0.010791 0.428828
6.0 0.208892 0.7067380000000001 0.01083 0.371484
6.0 0.219316 0.6830080000000002 0.011172 0.422656
6.0 0.222607 0.674629 0.007344 0.433828
6.0 0.24916 0.654649 0.009727 0.454219
6.0 0.217339 0.7274800000000001 0.010791 0.359922
6.0 0.25418 0.6904495000000002 0.011836 0.409922
6.0 0.972588 0.3286915 0.003848 0.118516
