7.0 0.533281 0.372403 0.004551 0.058828
6.0 0.130122 0.5024215000000001 0.008857 0.295469
6.0 0.576064 0.6949615000000001 0.010098 0.365781
6.0 0.563257 0.5604295000000001 0.007139 0.276875
6.0 0.582446 0.57748 0.006592 0.313047
6.0 0.586631 0.6164455000000001 0.006641 0.360625
0.0 0.422925 0.4111915000000001 0.016514 0.113984
0.0 0.407231 0.7683205000000002 0.068447 0.308906
6.0 0.300557 0.366016 0.005371 0.184219
7.0 0.344395 0.38107450000000004 0.008848 0.110078
0.0 0.420835 0.38921800000000006 0.018896 0.146406
6.0 0.390845 0.3483205000000001 0.004131 0.127969
0.0 0.472187 0.5174800000000002 0.019238 0.177891
0.0 0.978691 0.30677800000000005 0.009336 0.107891
0.0 0.513486 0.7234375000000002 0.043145 0.36875
6.0 0.527856 0.3724615 0.002939 0.08875
