6.0 0.080083 0.3585745 0.004834 0.100078
0.0 0.493618 0.7996090000000001 0.035557 0.263125
0.0 0.502759 0.6639055 0.028662 0.190156
0.0 0.557876 0.4522075 0.025439 0.174297
0.0 0.591299 0.5009575000000002 0.019863 0.105547
0.0 0.617266 0.4851955 0.018613 0.097969
0.0 0.640415 0.4816795 0.015811 0.102031
0.0 0.044771 0.3813670000000001 0.00917 0.065156
0.0 0.061392 0.33625000000000005 0.009014 0.085938
0.0 0.126968 0.38886700000000013 0.0221 0.133594
7.0 0.029507 0.4016995000000001 0.008271 0.124453
6.0 0.074214 0.372109 0.005654 0.127188
7.0 0.314897 0.2951755 0.006221 0.102578
7.0 0.439507 0.433282 0.006846 0.155625
6.0 0.491406 0.4693165 0.00498 0.109141
6.0 0.496284 0.4570705000000001 0.004111 0.102031
