6.0 0.431665 0.5969920000000001 0.007568 0.238594
6.0 0.439844 0.5156635 0.006289 0.181094
7.0 0.233374 0.6084175 0.008916 0.314453
5.0 0.676084 0.3505465 0.007773 0.21625
5.0 0.668501 0.36765700000000007 0.006943 0.22125
0.0 0.692358 0.1591795 0.014795 0.15875
4.0 0.640166 0.356992 0.013281 0.221562
4.0 0.619478 0.30091750000000006 0.011768 0.191641
5.0 0.659175 0.29957050000000013 0.008389 0.202031
6.0 0.593779 0.5972845000000001 0.018301 0.532266
7.0 0.224385 0.608593 0.009043 0.332031
6.0 0.510845 0.44347600000000004 0.005244 0.131406
6.0 0.519971 0.4168165 0.005273 0.125078
4.0 0.226997 0.7146490000000001 0.026885 0.217031
