0.0 0.452769 0.6602155000000001 0.040205 0.332422
0.0 0.488242 0.36373000000000005 0.011562 0.102266
0.0 0.506992 0.518653 0.023379 0.206172
0.0 0.507119 0.7574215000000002 0.042637 0.31125
0.0 0.399258 0.4051570000000001 0.015684 0.096094
2.0 0.014956 0.1928125 0.009834 0.109844
0.0 0.014492 0.2691595000000001 0.009883 0.108828
1.0 0.045513 0.221992 0.057334 0.736094
0.0 0.014824 0.6859375000000001 0.029648 0.414531
6.0 0.505596 0.303145 0.003242 0.086641
6.0 0.508911 0.30361300000000013 0.00333 0.083672
