0.0 0.47293 0.6245905000000002 0.019277 0.220547
0.0 0.163657 0.4800970000000001 0.01792 0.096016
0.0 0.174902 0.468262 0.010547 0.098047
6.0 0.251807 0.5224615000000001 0.006152 0.156094
6.0 0.333018 0.414472 0.007227 0.158047
6.0 0.341904 0.3837115000000001 0.006191 0.164844
6.0 0.447764 0.5454295000000001 0.004082 0.125781
6.0 0.461841 0.4925785 0.00458 0.107969
6.0 0.047124 0.4442965 0.005186 0.155
6.0 0.043154 0.42701200000000006 0.003848 0.170234
6.0 0.038613 0.425899 0.005254 0.162344
6.0 0.071465 0.4426555000000001 0.005605 0.178281
