6.0 0.961577 0.25949200000000006 0.002588 0.100625
0.0 0.533491 0.39701200000000003 0.017725 0.119141
7.0 0.466387 0.3618550000000001 0.004551 0.058828
7.0 0.468135 0.3938470000000001 0.006055 0.096484
6.0 0.197598 0.6251170000000001 0.012188 0.399062
6.0 0.640415 0.7469335 0.010518 0.333984
6.0 0.607554 0.6309175 0.009404 0.364297
6.0 0.63606 0.6614455000000001 0.01042 0.363438
6.0 0.654697 0.6697075 0.009902 0.440391
0.0 0.385654 0.3625 0.014805 0.077188
0.0 0.007144 0.3286915 0.011182 0.156953
6.0 0.337383 0.42144550000000003 0.005371 0.191719
7.0 0.438433 0.418984 0.008857 0.110156
6.0 0.341001 0.3214840000000001 0.004131 0.097969
0.0 0.080293 0.7073245000000001 0.072188 0.356484
0.0 0.9296 0.7346875 0.062988 0.305781
0.0 0.513486 0.7234375000000002 0.043145 0.36875
6.0 0.534126 0.3837700000000001 0.002939 0.103828
