6.0 0.069048 0.3149800000000001 0.004053 0.095078
7.0 0.901855 0.712129 0.033594 0.383828
7.0 0.982729 0.364903 0.004912 0.147266
0.0 0.493779 0.801016 0.032285 0.25125
0.0 0.503027 0.6680665000000001 0.028711 0.190234
0.0 0.481094 0.5070505000000002 0.029766 0.287266
0.0 0.517314 0.5038285000000001 0.018555 0.109844
0.0 0.56877 0.5068165000000001 0.02166 0.110234
0.0 0.61792 0.4931635 0.019824 0.114844
0.0 0.214316 0.3524800000000001 0.011875 0.078359
0.0 0.061392 0.33625000000000005 0.009014 0.085938
0.0 0.126968 0.38886700000000013 0.0221 0.133594
6.0 0.05522 0.30361300000000013 0.003779 0.095703
7.0 0.378486 0.23107450000000004 0.005469 0.073359
6.0 0.522793 0.48290950000000005 0.00498 0.109922
6.0 0.530098 0.46375 0.005293 0.108594
