6.0 0.069048 0.3149800000000001 0.004053 0.095078
7.0 0.976724 0.621484 0.010967 0.426562
7.0 0.976958 0.37269550000000007 0.005361 0.147188
7.0 0.968931 0.3486715 0.004619 0.151094
0.0 0.493779 0.7905865 0.032285 0.265156
0.0 0.503027 0.6680665000000001 0.028711 0.190234
0.0 0.50792 0.470722 0.026582 0.221641
0.0 0.549058 0.513028 0.018838 0.108828
0.0 0.598159 0.5032420000000001 0.020264 0.110313
0.0 0.636846 0.48085900000000004 0.016992 0.114062
0.0 0.173604 0.381016 0.015293 0.109062
0.0 0.061392 0.33625000000000005 0.009014 0.085938
0.0 0.126968 0.38886700000000013 0.0221 0.133594
6.0 0.054995 0.31375000000000003 0.004268 0.102656
7.0 0.25501 0.33554650000000014 0.005 0.068438
7.0 0.386113 0.258262 0.005898 0.087266
6.0 0.514067 0.474238 0.004971 0.111172
6.0 0.521084 0.465274 0.005293 0.108594
