0.0 0.983613 0.3244135000000001 0.012813 0.134375
0.0 0.977754 0.2644135 0.009043 0.076406
0.0 0.462544 0.5879095 0.023154 0.205234
0.0 0.485571 0.4207420000000001 0.008369 0.076406
2.0 0.013203 0.1839055 0.006504 0.088437
2.0 0.020723 0.20863300000000004 0.009746 0.12625
0.0 0.01291 0.27625 0.005957 0.060469
0.0 0.007593 0.24361300000000005 0.005381 0.033672
0.0 0.009629 0.6646675000000002 0.019258 0.343984
0.0 0.993652 0.6037885000000002 0.012695 0.324844
0.0 0.024854 0.40216750000000007 0.014746 0.111797
0.0 0.546685 0.6195505000000001 0.032217 0.333828
0.0 0.50481 0.7508005 0.039795 0.332266
0.0 0.505825 0.4471675000000001 0.018643 0.104766
0.0 0.053462 0.6186715000000002 0.034287 0.286875
7.0 0.589487 0.241153 0.003037 0.083672
0.0 0.952666 0.5988085000000002 0.045977 0.469297
0.0 0.514468 0.3029695000000001 0.004268 0.046562
0.0 0.518755 0.36619150000000006 0.009229 0.121953
0.0 0.250088 0.9212500000000001 0.065723 0.105
