6.0 0.079243 0.35564500000000004 0.00458 0.098359
0.0 0.493628 0.7984374999999999 0.035322 0.263906
0.0 0.503027 0.6680665000000001 0.028711 0.190234
0.0 0.557944 0.4553125 0.025596 0.174375
0.0 0.591348 0.5030080000000001 0.019766 0.107187
0.0 0.617349 0.4851955 0.018779 0.099219
0.0 0.640444 0.4816795 0.015869 0.102031
0.0 0.045972 0.3805465 0.00917 0.065156
0.0 0.061392 0.33625000000000005 0.009014 0.085938
0.0 0.126968 0.38886700000000013 0.0221 0.133594
7.0 0.028413 0.4007035000000001 0.008506 0.126875
6.0 0.071392 0.3784375 0.005654 0.127188
7.0 0.311284 0.29687500000000006 0.006221 0.09625
7.0 0.433589 0.4216795000000001 0.00667 0.142969
6.0 0.492017 0.45882850000000003 0.004971 0.108438
6.0 0.497656 0.4570705000000001 0.004102 0.102031
