6.0 0.296704 0.703222 0.009814 0.395703
6.0 0.350571 0.757363 0.012529 0.323516
6.0 0.35771 0.7528510000000002 0.013389 0.3175
6.0 0.386445 0.6813085000000001 0.011895 0.262422
7.0 0.12521 0.4836715 0.007373 0.212656
5.0 0.836382 0.3064255000000001 0.011553 0.231484
4.0 0.823184 0.33496150000000013 0.009824 0.254531
4.0 0.787212 0.26125 0.008506 0.272969
6.0 0.920635 0.5598430000000001 0.015371 0.586875
7.0 0.118091 0.482734 0.006592 0.220938
6.0 0.529741 0.575899 0.009678 0.318906
6.0 0.539526 0.5035345000000001 0.007939 0.152578
4.0 0.120327 0.5354095000000001 0.017471 0.112422
