0.0 0.988247 0.24162100000000006 0.006494 0.068047
0.0 0.998418 0.3146875 0.003164 0.084375
6.0 0.959585 0.2620705000000001 0.002588 0.109063
6.0 0.962588 0.261367 0.002578 0.107344
0.0 0.512041 0.3803125000000001 0.007559 0.088438
7.0 0.421484 0.3373630000000001 0.004004 0.058828
7.0 0.367007 0.3394720000000001 0.005713 0.103984
6.0 0.531626 0.3814255 0.003525 0.081641
6.0 0.264487 0.671347 0.011143 0.411328
6.0 0.725728 0.7518550000000002 0.012412 0.326484
6.0 0.647769 0.6428710000000001 0.011006 0.426484
6.0 0.694224 0.7099030000000002 0.012334 0.386797
6.0 0.736025 0.6851755 0.009902 0.418203
0.0 0.381274 0.3523045000000001 0.014814 0.077187
6.0 0.366436 0.45197200000000004 0.005371 0.191641
7.0 0.446338 0.4241995000000001 0.008848 0.110078
6.0 0.322231 0.30578200000000005 0.004131 0.097969
0.0 0.004175 0.338125 0.007471 0.123125
0.0 0.565171 0.7475200000000001 0.046279 0.281641
0.0 0.513486 0.7234375000000002 0.043145 0.36875
6.0 0.536743 0.37837900000000013 0.002939 0.103828
