0.0 0.475767 0.48337900000000006 0.015264 0.135078
2.0 0.015581 0.18595750000000005 0.006846 0.099766
2.0 0.026362 0.23084050000000006 0.013428 0.158047
0.0 0.016855 0.3199030000000001 0.008164 0.080547
0.0 0.009321 0.2596090000000001 0.006143 0.037812
0.0 0.008296 0.5927740000000001 0.016592 0.267969
0.0 0.99479 0.5508790000000001 0.01042 0.282266
0.0 0.03873 0.5218165000000001 0.022402 0.177734
0.0 0.658521 0.7581835000000001 0.127393 0.322422
0.0 0.50481 0.7508005 0.039795 0.332266
0.0 0.505825 0.4471675000000001 0.018643 0.104766
0.0 0.156851 0.8545120000000002 0.086357 0.183203
7.0 0.577969 0.3199615000000001 0.004219 0.103125
0.0 0.974053 0.424375 0.020703 0.249219
0.0 0.515786 0.3303325000000001 0.006533 0.072266
0.0 0.524761 0.40410100000000004 0.011924 0.185937
0.0 0.43335 0.7597660000000002 0.045996 0.317187
