7.0 0.012856 0.3524800000000001 0.006357 0.157578
6.0 0.075347 0.34773400000000004 0.004053 0.095156
0.0 0.493677 0.794278 0.034443 0.266797
0.0 0.503027 0.6680665000000001 0.028711 0.190234
0.0 0.553784 0.46298800000000007 0.026494 0.179766
0.0 0.590762 0.50377 0.019473 0.112734
0.0 0.617651 0.485137 0.019385 0.103672
0.0 0.640537 0.4816795 0.016055 0.102031
0.0 0.054766 0.3822460000000001 0.014961 0.106641
0.0 0.061392 0.33625000000000005 0.009014 0.085938
0.0 0.126968 0.38886700000000013 0.0221 0.133594
7.0 0.021035 0.4104295 0.008516 0.12875
6.0 0.068184 0.3483790000000001 0.005645 0.127266
7.0 0.297144 0.3064840000000001 0.005693 0.0725
7.0 0.416123 0.3649615 0.006504 0.111719
6.0 0.497334 0.4553125 0.00498 0.108125
6.0 0.502686 0.4570705000000001 0.004102 0.102031
