6.0 0.264883 0.7974414999999999 0.009004 0.178672
0.0 0.501401 0.7954494999999999 0.058857 0.272734
0.0 0.480674 0.633262 0.025039 0.265234
0.0 0.409175 0.37960900000000003 0.017334 0.099375
0.0 0.471904 0.32335900000000006 0.013984 0.090156
0.0 0.016045 0.7007620000000001 0.03209 0.398984
6.0 0.229951 0.48238300000000006 0.002441 0.076562
6.0 0.239165 0.484141 0.001963 0.069531
0.0 0.508916 0.2613085 0.014805 0.098516
6.0 0.115933 0.3303910000000001 0.002354 0.064844
0.0 0.988726 0.7003510000000001 0.022549 0.399531
