7.0 0.241396 0.4810345000000001 0.003613 0.075859
0.0 0.368779 0.408496 0.019004 0.112266
0.0 0.520254 0.2825200000000001 0.014629 0.106328
0.0 0.408682 0.356992 0.026543 0.189375
0.0 0.422163 0.375391 0.017256 0.097812
0.0 0.475117 0.29236300000000004 0.019023 0.133047
0.0 0.446006 0.3363670000000001 0.014043 0.094531
0.0 0.507378 0.2826955 0.013252 0.075
6.0 0.313374 0.7588869999999999 0.005459 0.276484
0.0 0.501401 0.7954494999999999 0.058857 0.272734
0.0 0.480674 0.633262 0.025039 0.265234
0.0 0.016714 0.7007620000000001 0.033428 0.398984
6.0 0.218804 0.47681650000000003 0.002217 0.064297
0.0 0.988726 0.7003510000000001 0.022549 0.399531
