0.0 0.984771 0.6707035 0.030459 0.439063
0.0 0.700532 0.529726 0.01874 0.167656
7.0 0.063789 0.5348245000000001 0.007773 0.356172
6.0 0.810918 0.6749215000000001 0.01877 0.421719
6.0 0.790269 0.7058590000000001 0.015557 0.392188
6.0 0.765044 0.4178125 0.004111 0.12625
0.0 0.003047 0.6783790000000001 0.006094 0.428828
2.0 0.016045 0.27847600000000006 0.009043 0.077656
6.0 0.150059 0.33431650000000007 0.002812 0.068828
0.0 0.040479 0.6281635000000001 0.046777 0.484062
0.0 0.617461 0.7445320000000001 0.056348 0.340625
7.0 0.75501 0.6222460000000002 0.020254 0.503672
4.0 0.749673 0.915859 0.017627 0.112187
7.0 0.70395 0.6760930000000002 0.022979 0.431875
6.0 0.76937 0.4233205 0.003584 0.117344
