0.0 0.997866 0.33273400000000003 0.003955 0.097812
6.0 0.961353 0.25984450000000003 0.002588 0.101562
0.0 0.529854 0.3952540000000001 0.017344 0.115547
7.0 0.461299 0.35898400000000014 0.004551 0.05875
7.0 0.457988 0.3922660000000001 0.006035 0.099063
6.0 0.203857 0.6347845 0.012793 0.407266
6.0 0.648667 0.7462885000000001 0.010732 0.333125
6.0 0.61105 0.636484 0.00958 0.37125
6.0 0.640723 0.6674800000000001 0.010723 0.367422
6.0 0.663306 0.6728710000000001 0.009893 0.436172
0.0 0.384644 0.359101 0.014814 0.077187
0.0 0.003945 0.2941795 0.007891 0.14
6.0 0.340605 0.4248445 0.005371 0.191719
7.0 0.44019 0.423847 0.008857 0.110078
6.0 0.338452 0.32078200000000007 0.004131 0.097969
0.0 0.056128 0.6521290000000002 0.050635 0.390391
0.0 0.900103 0.8046490000000002 0.091006 0.232969
0.0 0.513486 0.7234375000000002 0.043145 0.36875
6.0 0.534453 0.38306650000000003 0.002949 0.103828
