0.0 0.987026 0.23517550000000007 0.006162 0.061016
0.0 0.99689 0.3008005 0.004053 0.082109
6.0 0.95937 0.262363 0.002588 0.110078
6.0 0.962344 0.26218750000000013 0.002578 0.108438
0.0 0.51103 0.378907 0.007236 0.084688
7.0 0.416929 0.33525400000000005 0.003662 0.058828
7.0 0.35564 0.3293950000000001 0.005654 0.106328
6.0 0.531196 0.3817780000000001 0.003525 0.081641
6.0 0.272065 0.6759175000000001 0.010928 0.411797
6.0 0.736533 0.7537300000000001 0.012617 0.325547
6.0 0.652725 0.6421090000000002 0.011191 0.433438
6.0 0.70231 0.7104295000000002 0.012334 0.386094
6.0 0.746563 0.6820120000000002 0.009902 0.421797
0.0 0.381206 0.353008 0.014814 0.077188
6.0 0.369658 0.455371 0.005371 0.191641
7.0 0.446211 0.421855 0.008848 0.110078
6.0 0.321079 0.3044335000000001 0.004131 0.097891
0.0 0.002051 0.33320350000000004 0.004102 0.0875
0.0 0.557886 0.7250785000000001 0.038643 0.289375
0.0 0.513486 0.7234375000000002 0.043145 0.36875
6.0 0.536743 0.37837900000000013 0.002939 0.103828
