6.0 0.069048 0.3149800000000001 0.004053 0.095078
7.0 0.854233 0.7650385000000001 0.031318 0.313281
7.0 0.983521 0.36373000000000005 0.004912 0.147266
0.0 0.493779 0.8036530000000002 0.032285 0.247734
0.0 0.503027 0.6680665000000001 0.028711 0.190234
0.0 0.474385 0.5161330000000001 0.030566 0.30375
0.0 0.511284 0.5180080000000001 0.017002 0.114063
0.0 0.559863 0.5027155000000001 0.023828 0.110234
0.0 0.611279 0.5039455000000002 0.018984 0.105781
0.0 0.221431 0.338008 0.011025 0.070625
0.0 0.061392 0.33625000000000005 0.009014 0.085938
0.0 0.126968 0.38886700000000013 0.0221 0.133594
6.0 0.055674 0.30226600000000003 0.00377 0.095625
7.0 0.376611 0.2244535 0.005352 0.07
6.0 0.525596 0.48537100000000005 0.00498 0.108516
6.0 0.532632 0.46240300000000006 0.005283 0.108672
