0.0 0.020781 0.7089055000000001 0.040879 0.388125
6.0 0.207754 0.6458590000000001 0.006406 0.294687
7.0 0.139893 0.5526955000000001 0.006348 0.229219
0.0 0.164058 0.328633 0.013018 0.077031
4.0 0.141064 0.693145 0.009512 0.169922
0.0 0.074663 0.36718750000000006 0.012412 0.066094
0.0 0.07375 0.40046950000000003 0.015742 0.076875
0.0 0.021533 0.3585745 0.010566 0.100547
0.0 0.029146 0.47886700000000004 0.015146 0.161094
0.0 0.053081 0.410371 0.011299 0.089141
0.0 0.454126 0.6211915000000001 0.021416 0.207266
2.0 0.767871 0.25000000000000006 0.389453 1.0
0.0 0.505063 0.7007620000000001 0.033604 0.302578
