0.0 0.487031 0.4839070000000001 0.01082 0.124219
0.0 0.735186 0.27167950000000013 0.011816 0.129375
0.0 0.506323 0.5291995 0.013057 0.147734
0.0 0.008174 0.4924615000000001 0.016348 0.267188
0.0 0.027656 0.4311130000000001 0.015273 0.170547
0.0 0.223726 0.5170120000000001 0.012705 0.137734
0.0 0.27124 0.6524215000000001 0.020586 0.205469
0.0 0.261841 0.4533205 0.010693 0.127188
0.0 0.261763 0.31580050000000004 0.012295 0.068828
0.0 0.081802 0.7854880000000001 0.06042 0.269922
0.0 0.471562 0.6428125 0.024375 0.249687
0.0 0.287959 0.5447845000000001 0.023613 0.248984
0.0 0.687686 0.4040425 0.014609 0.128984
0.0 0.743496 0.46709050000000013 0.018242 0.208984
