0.0 0.983066 0.31585900000000006 0.012578 0.145625
0.0 0.961431 0.566407 0.030479 0.339063
0.0 0.941099 0.4525585000000001 0.023271 0.222109
0.0 0.182959 0.8997459999999999 0.077246 0.133672
0.0 0.464355 0.5911915000000001 0.022656 0.204609
0.0 0.484487 0.40462900000000007 0.008369 0.091797
2.0 0.008311 0.1793365 0.005684 0.064688
2.0 0.013501 0.18695350000000005 0.006006 0.089531
0.0 0.008218 0.23716750000000006 0.004111 0.040547
0.0 0.00395 0.2132035 0.003838 0.025938
0.0 0.012427 0.7189255000000001 0.024854 0.374766
0.0 0.991602 0.6988285000000001 0.016797 0.401563
0.0 0.014019 0.2917195 0.007764 0.051094
0.0 0.520059 0.39712900000000007 0.010137 0.110859
0.0 0.50481 0.7508005 0.039795 0.332266
0.0 0.505825 0.4471675000000001 0.018643 0.104766
0.0 0.021924 0.35769550000000006 0.011543 0.104844
0.0 0.550127 0.6244135000000001 0.038613 0.458594
0.0 0.034375 0.4680280000000001 0.019336 0.179609
