2.0 0.023228 0.22386700000000004 0.00915 0.133281
2.0 0.048784 0.269863 0.033604 0.246328
0.0 0.039453 0.4999030000000001 0.021035 0.173359
0.0 0.019443 0.35974600000000007 0.009863 0.075703
0.0 0.005498 0.47482450000000004 0.010996 0.152266
0.0 0.997183 0.43996150000000006 0.005635 0.192812
0.0 0.326104 0.9197845000000001 0.062949 0.106953
0.0 0.96666 0.5222845 0.025469 0.306484
0.0 0.50481 0.7508005 0.039795 0.332266
0.0 0.505825 0.4471675000000001 0.018643 0.104766
0.0 0.465122 0.5900200000000001 0.023057 0.201797
7.0 0.595225 0.21015550000000002 0.004102 0.069531
7.0 0.58355 0.2630665000000001 0.004697 0.095547
7.0 0.603018 0.3914455 0.006816 0.180938
0.0 0.985146 0.33525400000000005 0.011289 0.124766
0.0 0.522183 0.41511700000000007 0.009971 0.132031
0.0 0.572041 0.6308005 0.060547 0.466953
0.0 0.479458 0.4478125 0.012275 0.112187
