0.0 0.469741 0.5304295000000001 0.024111 0.19375
0.0 0.008306 0.2426755 0.006455 0.055391
0.0 0.507056 0.521641 0.023701 0.210156
0.0 0.507305 0.7574215000000002 0.042637 0.31125
0.0 0.399375 0.402871 0.015371 0.094453
2.0 0.016582 0.18847600000000003 0.009824 0.109844
0.0 0.016177 0.27994150000000007 0.011455 0.123203
1.0 0.090098 0.25000000000000006 0.128535 1.0
0.0 0.014922 0.6864055000000001 0.029844 0.414531
6.0 0.506553 0.3051955 0.003242 0.086562
6.0 0.51083 0.3058990000000001 0.003672 0.085937
