0.0 0.622935 0.5804095000000001 0.032686 0.200391
7.0 0.37249 0.6605665000000002 0.01752 0.451016
4.0 0.370928 0.8681634999999999 0.027402 0.175781
6.0 0.620444 0.6913285000000001 0.009736 0.408125
6.0 0.757358 0.4086715000000001 0.004092 0.115313
0.0 0.012432 0.6739255000000001 0.024863 0.434766
2.0 0.040366 0.3156835 0.011787 0.106953
0.0 0.042563 0.547012 0.021631 0.198047
6.0 0.181753 0.356407 0.003096 0.07875
0.0 0.063818 0.7255465 0.040332 0.365938
0.0 0.134453 0.6507220000000001 0.120273 0.465703
0.0 0.532354 0.7423045000000001 0.048105 0.343594
7.0 0.644248 0.6385930000000001 0.013555 0.481875
4.0 0.644399 0.8138469999999999 0.028057 0.248203
7.0 0.601792 0.6609175 0.011533 0.427109
6.0 0.759092 0.4157035000000001 0.00375 0.109531
