0.0 0.482549 0.4301170000000001 0.014551 0.102344
0.0 0.011372 0.2661130000000001 0.008096 0.079297
0.0 0.507153 0.5261530000000001 0.02417 0.216016
0.0 0.507578 0.7574215000000002 0.042637 0.31125
0.0 0.399551 0.399472 0.014902 0.091797
2.0 0.018794 0.19837900000000003 0.012373 0.138516
0.0 0.022305 0.3240625 0.016621 0.163125
1.0 0.272681 0.24460900000000005 0.346924 0.992812
0.0 0.015063 0.6871090000000002 0.030127 0.414531
6.0 0.508315 0.30683650000000007 0.003525 0.086562
6.0 0.513721 0.30929650000000003 0.00418 0.089375
2.0 0.012842 0.19914100000000004 0.01123 0.148281
