0.0 0.991924 0.26095750000000006 0.00748 0.089453
6.0 0.960249 0.26125 0.002588 0.10625
6.0 0.96333 0.2591410000000001 0.002578 0.103906
0.0 0.515498 0.38558650000000005 0.01166 0.09875
7.0 0.435859 0.34474600000000005 0.004551 0.058828
7.0 0.401108 0.369532 0.005928 0.096875
6.0 0.533711 0.382597 0.003535 0.081641
6.0 0.241748 0.6576370000000001 0.011758 0.409766
6.0 0.693325 0.7462885000000001 0.011787 0.328906
6.0 0.632905 0.645274 0.010479 0.405781
6.0 0.670571 0.7058590000000001 0.012236 0.387344
6.0 0.706348 0.6885160000000001 0.009902 0.415312
0.0 0.381479 0.35025400000000007 0.014814 0.077109
6.0 0.356748 0.441778 0.005371 0.191641
7.0 0.446909 0.4345705000000001 0.008857 0.110156
6.0 0.32752 0.31691350000000007 0.004141 0.097969
0.0 0.014609 0.3987700000000001 0.01832 0.197266
0.0 0.606367 0.8197659999999999 0.081797 0.209375
0.0 0.513486 0.7234375000000002 0.043145 0.36875
6.0 0.536089 0.3797845000000001 0.002939 0.103828
