7.0 0.238999 0.4762885 0.003311 0.070625
0.0 0.360352 0.4127155000000001 0.019336 0.108984
0.0 0.52793 0.259258 0.008789 0.097031
0.0 0.427163 0.338008 0.02665 0.189063
0.0 0.414829 0.38113300000000006 0.017256 0.097812
0.0 0.468047 0.2969335000000001 0.019375 0.135391
0.0 0.436143 0.3475 0.014043 0.094531
0.0 0.497295 0.29535100000000003 0.014336 0.080937
6.0 0.318281 0.7591209999999999 0.006602 0.281172
0.0 0.501401 0.7954494999999999 0.058857 0.272734
0.0 0.480674 0.633262 0.025039 0.265234
0.0 0.016709 0.7007620000000001 0.033418 0.398984
6.0 0.218335 0.47640550000000004 0.002217 0.063281
0.0 0.988726 0.7003510000000001 0.022549 0.399531
