6.0 0.977183 0.2925970000000001 0.004209 0.110859
0.0 0.03521 0.3713470000000001 0.008838 0.087422
0.0 0.018437 0.37169950000000007 0.010977 0.122109
0.0 0.101089 0.4193365 0.10915 0.774219
0.0 0.466553 0.6223045 0.026992 0.301562
0.0 0.485029 0.483262 0.010352 0.114141
0.0 0.007305 0.4954495000000001 0.014609 0.242109
7.0 0.087075 0.37703200000000003 0.006162 0.105313
4.0 0.086201 0.5096875000000001 0.007637 0.087812
2.0 0.569946 0.4268365 0.082373 0.754531
0.0 0.511699 0.515605 0.011543 0.157266
