7.0 0.468003 0.4138285 0.002998 0.081562
4.0 0.468188 0.4551955 0.003486 0.050156
4.0 0.618774 0.5033590000000001 0.018018 0.124687
0.0 0.042432 0.6834760000000001 0.041855 0.422031
0.0 0.110815 0.5633590000000002 0.025186 0.165625
0.0 0.152803 0.45390700000000006 0.022344 0.140469
6.0 0.40895 0.5384575 0.005186 0.210234
0.0 0.312197 0.8744920000000002 0.105059 0.167344
0.0 0.497637 0.6549415000000001 0.025098 0.291328
0.0 0.512734 0.43005850000000007 0.010117 0.082578
0.0 0.500898 0.392968 0.009453 0.0675
6.0 0.942314 0.3554095000000001 0.005215 0.097734
6.0 0.935825 0.375391 0.005537 0.209219
4.0 0.709482 0.5850385 0.013105 0.221562
4.0 0.683481 0.5751370000000001 0.02042 0.180078
4.0 0.650767 0.5498245000000002 0.013447 0.171016
