6.0 0.134478 0.503653 0.011201 0.389766
6.0 0.200503 0.672226 0.00958 0.425938
6.0 0.211494 0.6441595000000001 0.013437 0.474453
6.0 0.244644 0.6747460000000001 0.010029 0.395078
6.0 0.651362 0.5917780000000001 0.023408 0.544297
6.0 0.599761 0.5279680000000001 0.01126 0.338906
6.0 0.22689 0.6660160000000002 0.011689 0.445312
6.0 0.253013 0.6758590000000001 0.008271 0.389219
6.0 0.254482 0.6789655000000001 0.010371 0.424141
6.0 0.275928 0.7326955 0.011035 0.356406
6.0 0.287759 0.6857620000000001 0.011689 0.418984
6.0 0.297617 0.6838285000000001 0.011387 0.387188
6.0 0.313394 0.7154095000000001 0.009971 0.309766
6.0 0.335073 0.737032 0.013369 0.310469
6.0 0.351411 0.6528325 0.008252 0.427422
6.0 0.360195 0.66127 0.008691 0.364141
6.0 0.363594 0.6537115 0.009961 0.417969
6.0 0.370674 0.6127540000000001 0.010352 0.339922
6.0 0.382461 0.579472 0.007012 0.280703
6.0 0.399985 0.6359575000000001 0.010342 0.314609
6.0 0.397939 0.6206635000000001 0.006895 0.228594
6.0 0.408359 0.6206050000000001 0.011465 0.240391
6.0 0.415259 0.5463085000000001 0.010303 0.239297
6.0 0.422061 0.5727340000000001 0.007402 0.197656
6.0 0.426572 0.56998 0.005684 0.170234
6.0 0.556299 0.579883 0.010703 0.45375
6.0 0.563154 0.5287885000000001 0.011094 0.425156
6.0 0.94062 0.427891 0.008311 0.309062
