0.0 0.980552 0.3435745 0.013135 0.169453
0.0 0.946558 0.6665425000000001 0.052002 0.432109
0.0 0.92228 0.5495905000000001 0.033369 0.309453
0.0 0.122329 0.833008 0.072412 0.222656
0.0 0.457144 0.6458590000000001 0.029307 0.258594
0.0 0.482637 0.4196290000000001 0.009414 0.100703
2.0 0.007754 0.17839900000000003 0.00543 0.061406
2.0 0.012798 0.18572200000000003 0.005752 0.086484
0.0 0.007666 0.23335900000000004 0.003945 0.038438
0.0 0.003398 0.2132035 0.003672 0.025938
0.0 0.012695 0.7203910000000001 0.025391 0.372812
0.0 0.991602 0.6988285000000001 0.016797 0.401563
0.0 0.013232 0.2842195 0.007148 0.049687
0.0 0.519121 0.3814255 0.009219 0.101328
0.0 0.50481 0.7508005 0.039795 0.332266
0.0 0.505825 0.4471675000000001 0.018643 0.104766
0.0 0.020269 0.34275400000000006 0.010068 0.093359
0.0 0.540513 0.560605 0.027568 0.376172
0.0 0.031011 0.43128850000000013 0.014951 0.160156
