0.0 0.983179 0.3282820000000001 0.013154 0.13875
0.0 0.976743 0.27039100000000005 0.009287 0.078594
0.0 0.459497 0.6116995000000002 0.025303 0.223672
0.0 0.485127 0.4258405 0.008691 0.079453
2.0 0.012964 0.18373000000000003 0.006475 0.087266
2.0 0.020161 0.20640700000000006 0.009385 0.123125
0.0 0.01251 0.271855 0.005742 0.058359
0.0 0.007422 0.24203200000000005 0.005313 0.033281
0.0 0.009761 0.6718165 0.019521 0.351641
0.0 0.993535 0.6090040000000001 0.01293 0.329141
0.0 0.024258 0.39601600000000003 0.014375 0.108125
0.0 0.544106 0.6041995000000001 0.030303 0.319297
0.0 0.50481 0.7508005 0.039795 0.332266
0.0 0.505825 0.4471675000000001 0.018643 0.104766
0.0 0.050039 0.5960545 0.031758 0.27375
7.0 0.590864 0.23500000000000001 0.002822 0.0825
0.0 0.946226 0.6051370000000001 0.049189 0.493672
0.0 0.518149 0.364609 0.009229 0.1175
0.0 0.214033 0.915097 0.064902 0.113203
