0.0 0.186138 0.7256635 0.059033 0.335781
0.0 0.454463 0.457246 0.015449 0.116016
0.0 0.41314 0.3842380000000001 0.010732 0.088203
6.0 0.409443 0.4694920000000001 0.005586 0.154062
6.0 0.400669 0.4798045 0.00417 0.139219
0.0 0.398276 0.38558650000000005 0.012432 0.075938
6.0 0.074058 0.3909175 0.004854 0.147734
0.0 0.008965 0.4539655000000001 0.013613 0.162109
0.0 0.50207 0.5508790000000001 0.015371 0.169453
6.0 0.156304 0.48783250000000006 0.005986 0.203203
0.0 0.03604 0.34222600000000003 0.008994 0.088125
6.0 0.146841 0.452266 0.006123 0.182344
6.0 0.954258 0.40281250000000013 0.005195 0.1525
