0.0 0.980864 0.6725785000000002 0.034756 0.436562
0.0 0.702754 0.5284960000000002 0.014922 0.158828
6.0 0.827246 0.680137 0.018535 0.426484
6.0 0.810791 0.707032 0.010449 0.390625
6.0 0.759385 0.418867 0.004102 0.129375
6.0 0.140137 0.3344920000000001 0.002773 0.0675
0.0 0.030547 0.629746 0.040469 0.479609
0.0 0.625479 0.7500969999999999 0.053301 0.333203
7.0 0.764902 0.628282 0.018359 0.495625
4.0 0.761436 0.9122844999999999 0.018223 0.116953
7.0 0.71874 0.6769720000000001 0.024727 0.430703
6.0 0.763525 0.43544950000000004 0.003926 0.124922
