6.0 0.161787 0.5623045000000001 0.005605 0.184219
6.0 0.188818 0.425371 0.006543 0.161953
6.0 0.195269 0.3922075000000001 0.006533 0.171484
6.0 0.260161 0.5221675 0.004795 0.103828
6.0 0.267515 0.5074030000000002 0.004326 0.090859
6.0 0.799282 0.4604695000000001 0.008447 0.242344
6.0 0.79147 0.426778 0.007002 0.253984
6.0 0.785 0.4291210000000001 0.007109 0.251797
6.0 0.886216 0.6286915000000002 0.014131 0.487578
5.0 0.745752 0.6784375000000001 0.007773 0.285
5.0 0.966582 0.7543165000000002 0.013203 0.327578
5.0 0.753057 0.5495905000000001 0.006582 0.193359
5.0 0.877666 0.7869535000000001 0.007676 0.284062
5.0 0.874194 0.7841995000000002 0.006475 0.286484
5.0 0.86793 0.7799215 0.006855 0.293438
5.0 0.847764 0.7665624999999999 0.015098 0.31125
