0.0 0.020679 0.6715825000000002 0.038135 0.437891
2.0 0.068364 0.3718750000000001 0.021592 0.257813
0.0 0.078413 0.7299415000000001 0.043389 0.360078
0.0 0.16543 0.804121 0.110566 0.261172
6.0 0.20895 0.383887 0.003701 0.103984
0.0 0.394033 0.805234 0.075527 0.259687
0.0 0.451191 0.6741595000000001 0.044316 0.434453
0.0 0.501675 0.74248 0.036943 0.343359
7.0 0.555283 0.5260945 0.006406 0.248125
4.0 0.555776 0.5927740000000001 0.013955 0.127344
7.0 0.543003 0.47148400000000007 0.005693 0.161875
6.0 0.686641 0.44447200000000003 0.003145 0.086016
