0.0 0.083628 0.4006450000000001 0.011807 0.071328
7.0 0.248203 0.6605080000000001 0.010371 0.36125
4.0 0.247544 0.7985545 0.021924 0.212187
6.0 0.445776 0.4729495000000001 0.00415 0.135547
6.0 0.474492 0.40896550000000004 0.003457 0.093984
6.0 0.468872 0.419863 0.003662 0.098828
6.0 0.466001 0.433282 0.003877 0.115
6.0 0.540415 0.41857450000000007 0.004385 0.144453
6.0 0.53687 0.4131835000000001 0.003271 0.132422
6.0 0.531377 0.4062115000000001 0.003887 0.124219
0.0 0.978955 0.5565625000000001 0.023203 0.227812
4.0 0.862822 0.488242 0.009668 0.150625
0.0 0.017549 0.7028710000000001 0.035098 0.396172
0.0 0.009775 0.35324200000000006 0.013379 0.093438
6.0 0.128447 0.5773630000000002 0.006836 0.282266
0.0 0.026978 0.4592965 0.016592 0.170781
0.0 0.50895 0.7556634999999999 0.038252 0.325781
0.0 0.520986 0.42900400000000005 0.010117 0.082578
0.0 0.505679 0.4706635000000001 0.015869 0.121406
4.0 0.914531 0.420859 0.012441 0.134062
4.0 0.908887 0.422383 0.010547 0.110781
4.0 0.891064 0.4465825000000001 0.014043 0.144766
