6.0 0.4446 0.6919720000000001 0.017422 0.410703
7.0 0.600981 0.3064255000000001 0.006768 0.143672
6.0 0.590991 0.462754 0.009189 0.287891
0.0 0.003018 0.4660345000000001 0.006035 0.211953
0.0 0.0054 0.41154250000000003 0.010801 0.141641
0.0 0.448452 0.5790040000000001 0.023662 0.250391
0.0 0.82041 0.7123630000000001 0.140234 0.383516
6.0 0.900552 0.4557220000000001 0.013564 0.481641
0.0 0.933511 0.6717580000000001 0.061807 0.436875
7.0 0.964692 0.4196290000000001 0.009482 0.247266
0.0 0.99085 0.4305280000000001 0.018301 0.304453
0.0 0.458853 0.389512 0.015068 0.174141
0.0 0.472852 0.4082035000000001 0.013223 0.079375
0.0 0.473042 0.41705050000000005 0.012021 0.076953
