4.0 0.577461 0.4725385000000001 0.01416 0.111563
0.0 0.046948 0.7028125000000001 0.042607 0.39625
0.0 0.116226 0.5761330000000001 0.024287 0.161719
0.0 0.155527 0.46738300000000005 0.021406 0.141406
6.0 0.401426 0.5030080000000001 0.004355 0.162656
0.0 0.375801 0.8177739999999999 0.079258 0.242969
0.0 0.478545 0.6566995 0.024258 0.291328
0.0 0.490283 0.43650400000000006 0.010117 0.082578
0.0 0.476592 0.39765550000000005 0.009453 0.0675
6.0 0.911475 0.36308650000000003 0.006738 0.125781
6.0 0.906655 0.3869335 0.005791 0.153984
6.0 0.901187 0.39665950000000005 0.006592 0.233672
4.0 0.647217 0.5343550000000001 0.015781 0.210391
4.0 0.62876 0.5443165000000001 0.017949 0.150547
4.0 0.605474 0.5104495000000001 0.017373 0.150078
