6.0 0.197124 0.5391595 0.00585 0.224766
0.0 0.665317 0.3150385000000001 0.01583 0.146094
6.0 0.643521 0.3410545 0.004541 0.14375
7.0 0.306147 0.6980080000000002 0.012803 0.392344
0.0 0.415117 0.464746 0.021348 0.115391
7.0 0.178574 0.5188870000000001 0.009414 0.246172
6.0 0.188687 0.6947260000000001 0.008721 0.399062
6.0 0.195146 0.6898045 0.007695 0.375938
6.0 0.212529 0.6409960000000001 0.00918 0.401172
6.0 0.295186 0.5846290000000001 0.009707 0.365859
0.0 0.43479 0.370528 0.018174 0.089922
0.0 0.431089 0.3852340000000001 0.018115 0.075156
0.0 0.413452 0.45203050000000006 0.022549 0.125
