0.0 0.66854 0.5787115000000002 0.022783 0.205313
7.0 0.202119 0.6507820000000001 0.019004 0.465625
6.0 0.684727 0.6944335000000001 0.011152 0.405078
6.0 0.676152 0.7114255000000002 0.008535 0.384766
6.0 0.768203 0.422968 0.004277 0.1275
0.0 0.01189 0.6598045 0.023193 0.452656
2.0 0.037012 0.28123 0.010508 0.093047
0.0 0.035742 0.459649 0.017187 0.159531
6.0 0.175352 0.3554680000000001 0.002969 0.074375
0.0 0.046235 0.6307420000000001 0.023271 0.312031
0.0 0.085161 0.6210745000000001 0.075186 0.504141
0.0 0.568994 0.767383 0.055957 0.310156
7.0 0.692656 0.6278125 0.015293 0.49625
4.0 0.691484 0.9111130000000001 0.023633 0.112266
7.0 0.638091 0.673222 0.016807 0.435703
6.0 0.770942 0.413887 0.004014 0.129453
