7.0 0.444771 0.44042950000000003 0.004736 0.130469
4.0 0.444473 0.5091010000000001 0.005859 0.080625
4.0 0.746934 0.5561530000000001 0.009609 0.215234
0.0 0.016514 0.6877540000000001 0.032539 0.416328
0.0 0.034673 0.46234450000000005 0.021904 0.151094
0.0 0.07083 0.4086715000000001 0.019687 0.140469
6.0 0.302222 0.6876955 0.009346 0.371719
0.0 0.052939 0.6949030000000002 0.036875 0.341172
0.0 0.508623 0.6896875 0.02873 0.308281
0.0 0.523066 0.41998 0.010117 0.082578
0.0 0.509292 0.4196875000000001 0.011631 0.085781
6.0 0.963379 0.34000000000000014 0.004492 0.139531
4.0 0.85749 0.4912885 0.014941 0.185781
4.0 0.841719 0.5275585 0.014746 0.178359
4.0 0.803428 0.559609 0.012148 0.177031
