7.0 0.25002 0.48677800000000004 0.00416 0.083359
0.0 0.394336 0.3901570000000001 0.017988 0.11625
0.0 0.477974 0.335605 0.019346 0.118672
0.0 0.354956 0.3962500000000001 0.024189 0.158125
0.0 0.444321 0.35265700000000005 0.016963 0.095469
0.0 0.496445 0.2710930000000001 0.016738 0.120781
6.0 0.295674 0.7706635 0.003574 0.294844
0.0 0.501401 0.7954494999999999 0.058857 0.272734
0.0 0.480674 0.633262 0.025039 0.265234
0.0 0.016729 0.7007620000000001 0.033457 0.398984
6.0 0.22022 0.47792950000000006 0.002217 0.067344
6.0 0.228403 0.47992150000000006 0.001963 0.069531
0.0 0.988726 0.7003510000000001 0.022549 0.399531
