0.0 0.032578 0.32101600000000013 0.005352 0.05375
0.0 0.079077 0.5011915 0.022314 0.172891
0.0 0.222642 0.7589455 0.071123 0.321406
0.0 0.436201 0.5927740000000001 0.022988 0.188281
0.0 0.33626 0.4940425000000001 0.025918 0.128359
2.0 0.463369 0.3988285 0.018652 0.164375
2.0 0.443726 0.3979495 0.027139 0.218672
6.0 0.291768 0.6636715000000002 0.006172 0.244375
6.0 0.286118 0.6486715000000002 0.005635 0.245
0.0 0.265029 0.45437500000000003 0.026133 0.133437
0.0 0.324731 0.4506250000000001 0.018291 0.0975
0.0 0.464644 0.45917950000000013 0.015205 0.14
6.0 0.413057 0.49533250000000006 0.005293 0.144609
0.0 0.008076 0.4790425000000001 0.01416 0.166328
0.0 0.509521 0.566524 0.01541 0.168906
6.0 0.083711 0.38716750000000005 0.005098 0.109922
