0.0 0.984805 0.22087900000000005 0.005723 0.052422
0.0 0.991797 0.25445350000000005 0.007031 0.074687
6.0 0.958628 0.2633005 0.002588 0.113203
6.0 0.961523 0.26464900000000013 0.002578 0.112344
0.0 0.507676 0.374101 0.006152 0.071719
7.0 0.402544 0.328105 0.00415 0.058828
7.0 0.319785 0.30085900000000004 0.00748 0.112656
6.0 0.529761 0.382597 0.003525 0.081641
6.0 0.296528 0.6681250000000002 0.010928 0.401406
6.0 0.774346 0.750157 0.012969 0.324219
6.0 0.674873 0.65623 0.011426 0.437891
6.0 0.733013 0.7121875000000001 0.012334 0.38375
6.0 0.78168 0.67123 0.009902 0.433672
0.0 0.380972 0.35523400000000005 0.014814 0.077187
6.0 0.38042 0.46667950000000014 0.005371 0.191719
7.0 0.446211 0.421855 0.008848 0.110078
6.0 0.317241 0.29980450000000003 0.004131 0.097969
0.0 0.548218 0.6551170000000002 0.029912 0.255469
0.0 0.513486 0.7234375000000002 0.043145 0.36875
6.0 0.536743 0.37837900000000013 0.002939 0.103828
