0.0 0.984883 0.3109375000000001 0.010605 0.123125
0.0 0.971533 0.46832050000000003 0.022422 0.254375
0.0 0.95668 0.380488 0.015762 0.153984
0.0 0.331396 0.9073630000000001 0.068086 0.123516
0.0 0.47249 0.53002 0.016328 0.151016
0.0 0.487544 0.384883 0.007021 0.077969
2.0 0.009399 0.1805665 0.005947 0.070234
2.0 0.014668 0.18917950000000003 0.006426 0.094688
0.0 0.009131 0.24355450000000003 0.004395 0.044062
0.0 0.004834 0.218008 0.00418 0.027187
0.0 0.011763 0.7151755000000001 0.023525 0.379766
0.0 0.991831 0.6882820000000001 0.016338 0.392969
0.0 0.015327 0.30425800000000003 0.008779 0.053594
0.0 0.522046 0.4186330000000001 0.012549 0.159844
0.0 0.50481 0.7508005 0.039795 0.332266
0.0 0.505825 0.4471675000000001 0.018643 0.104766
0.0 0.024883 0.3863470000000001 0.014707 0.129141
0.0 0.590732 0.6429880000000001 0.081055 0.476016
0.0 0.515527 0.3120505000000001 0.006445 0.063984
0.0 0.044204 0.5487700000000001 0.029346 0.235703
