6.0 0.448066 0.5169535000000002 0.006719 0.200469
7.0 0.285908 0.6070705000000001 0.006836 0.31625
5.0 0.638804 0.3560545 0.00833 0.182031
5.0 0.632632 0.3609175000000001 0.005752 0.178203
0.0 0.666655 0.18173800000000004 0.012139 0.139609
4.0 0.608521 0.3469720000000001 0.014131 0.191172
4.0 0.59563 0.30332050000000005 0.010322 0.157031
5.0 0.627407 0.3155080000000001 0.00667 0.175
0.0 0.011328 0.34990300000000013 0.007598 0.066641
6.0 0.551899 0.6364255000000001 0.014385 0.482422
7.0 0.280132 0.6185545000000001 0.00458 0.331562
6.0 0.508833 0.4128325 0.004834 0.110391
6.0 0.516899 0.40152400000000005 0.005518 0.11625
4.0 0.276289 0.7134175000000001 0.023438 0.202422
