7.0 0.069805 0.355117 0.006523 0.183281
0.0 0.981885 0.22902400000000003 0.023223 0.23
0.0 0.422837 0.7477540000000001 0.029424 0.275078
0.0 0.439199 0.589375 0.018184 0.164687
6.0 0.587026 0.6874615000000002 0.020654 0.416719
6.0 0.597988 0.4549615000000001 0.006914 0.227344
0.0 0.004707 0.30742150000000007 0.009414 0.15375
0.0 0.146074 0.7629879999999999 0.08709 0.316016
0.0 0.825317 0.6924415000000002 0.142705 0.410078
6.0 0.938564 0.21718750000000006 0.008359 0.245313
0.0 0.927319 0.627403 0.073193 0.496328
7.0 0.953525 0.45138700000000004 0.014453 0.398984
0.0 0.987988 0.3677740000000001 0.024023 0.280312
0.0 0.456851 0.4861915 0.015068 0.197578
0.0 0.467344 0.506524 0.013223 0.079375
0.0 0.470347 0.47388700000000006 0.012021 0.076953
