6.0 0.9598 0.28439500000000006 0.004502 0.141172
6.0 0.947354 0.3823045000000001 0.007344 0.234062
0.0 0.435469 0.7458790000000002 0.031836 0.251328
0.0 0.475894 0.6326755000000002 0.020537 0.255391
0.0 0.492114 0.4321675000000001 0.012139 0.164297
0.0 0.012773 0.6169720000000001 0.025234 0.367109
6.0 0.109961 0.4577155 0.00541 0.191328
7.0 0.138174 0.513613 0.008496 0.240703
4.0 0.138311 0.6396490000000001 0.012832 0.166406
0.0 0.134063 0.3134575000000001 0.013262 0.068359
0.0 0.014214 0.2715625000000001 0.007197 0.070312
0.0 0.098979 0.33273400000000003 0.013174 0.077187
0.0 0.039639 0.4032220000000001 0.014746 0.126328
2.0 0.558037 0.4614655000000001 0.070254 0.716484
0.0 0.507812 0.5640040000000001 0.016426 0.192578
