6.0 0.375542 0.5921290000000001 0.007764 0.218828
5.0 0.260522 0.6718750000000001 0.012217 0.194844
6.0 0.717061 0.4166410000000001 0.004238 0.131406
4.0 0.713276 0.8303124999999999 0.010186 0.22625
0.0 0.226064 0.7517380000000001 0.046152 0.331016
0.0 0.331191 0.754492 0.055469 0.323906
6.0 0.800439 0.6716995 0.017422 0.437734
6.0 0.464575 0.5457805000000001 0.005869 0.125
6.0 0.068599 0.4650385000000001 0.003428 0.063281
5.0 0.085742 0.5283790000000002 0.004492 0.141328
5.0 0.092144 0.5501170000000001 0.004717 0.15875
