0.0 0.986675 0.2974615000000001 0.01042 0.103906
0.0 0.471802 0.5147845000000001 0.017627 0.156172
0.0 0.488687 0.38564500000000007 0.006064 0.054766
2.0 0.014868 0.185371 0.006748 0.096328
2.0 0.024673 0.22415950000000004 0.012334 0.148516
0.0 0.015669 0.30683650000000007 0.00751 0.074531
0.0 0.008804 0.2548045 0.005908 0.036562
0.0 0.008696 0.6143365000000001 0.017393 0.290781
0.0 0.994448 0.5667580000000001 0.011104 0.295
0.0 0.032031 0.469726 0.019727 0.146094
0.0 0.597856 0.723145 0.087334 0.362578
0.0 0.50481 0.7508005 0.039795 0.332266
0.0 0.505825 0.4471675000000001 0.018643 0.104766
0.0 0.100547 0.784375 0.071367 0.2875
7.0 0.580747 0.29125 0.004131 0.094844
0.0 0.970215 0.44400400000000007 0.023438 0.299141
0.0 0.515386 0.3194920000000001 0.006006 0.065938
0.0 0.522974 0.3898045000000001 0.010771 0.164375
0.0 0.410273 0.8083404999999999 0.064414 0.254297
