0.0 0.462798 0.4881835 0.01417 0.133984
0.0 0.030483 0.3176755 0.006748 0.060078
0.0 0.038066 0.3463870000000001 0.00793 0.084609
0.0 0.060176 0.43503850000000005 0.015391 0.129844
2.0 0.243052 0.516601 0.18415 0.640313
2.0 0.382944 0.44289100000000003 0.113564 0.5
6.0 0.130937 0.5090425000000002 0.004844 0.176484
6.0 0.136416 0.5023630000000001 0.005176 0.167578
0.0 0.135181 0.3692965000000001 0.018096 0.125
0.0 0.448032 0.5019535000000002 0.014365 0.132812
0.0 0.392988 0.7539069999999999 0.047227 0.32375
0.0 0.101919 0.5508205000000002 0.034697 0.272344
6.0 0.247627 0.5573830000000002 0.005645 0.256406
6.0 0.566416 0.420976 0.004785 0.133125
0.0 0.007075 0.49187500000000006 0.01415 0.180937
0.0 0.507002 0.5639455 0.01625 0.155313
