0.0 0.96585 0.3458590000000001 0.012012 0.125156
0.0 0.848735 0.7570705000000001 0.073252 0.323906
0.0 0.667407 0.6548830000000001 0.151416 0.460156
0.0 0.527739 0.47962900000000014 0.017607 0.179297
0.0 0.540674 0.41476600000000013 0.009668 0.142813
0.0 0.023198 0.36015700000000006 0.011279 0.10625
0.0 0.053936 0.6107035000000002 0.031777 0.256563
0.0 0.386499 0.8538085000000001 0.067959 0.194922
0.0 0.012695 0.7203910000000001 0.025391 0.372812
0.0 0.991602 0.6988285000000001 0.016797 0.401563
0.0 0.005952 0.227734 0.003447 0.030469
0.0 0.50481 0.7508005 0.039795 0.332266
0.0 0.505825 0.4471675000000001 0.018643 0.104766
0.0 0.009912 0.2512300000000001 0.004063 0.042109
0.0 0.51521 0.32734300000000005 0.006396 0.082656
0.0 0.014155 0.28931650000000003 0.006729 0.062578
