6.0 0.962388 0.25849600000000006 0.002588 0.097266
0.0 0.547075 0.40960900000000006 0.008506 0.084063
7.0 0.485557 0.3677740000000001 0.004551 0.05875
7.0 0.503569 0.3896875000000001 0.005674 0.084219
6.0 0.174634 0.5895505000000001 0.009951 0.369141
6.0 0.616436 0.7399615 0.010098 0.340313
6.0 0.594736 0.6105280000000001 0.00875 0.338984
6.0 0.618965 0.6390040000000001 0.009316 0.348828
6.0 0.63041 0.6667195 0.009082 0.4225
0.0 0.389351 0.3750385 0.014814 0.077187
0.0 0.024131 0.4706635000000001 0.023691 0.224219
6.0 0.325908 0.40427800000000014 0.005371 0.189141
7.0 0.425796 0.42490300000000003 0.008857 0.110078
0.0 0.512583 0.4169335 0.016826 0.141328
6.0 0.352788 0.3283990000000001 0.004131 0.097969
0.0 0.354014 0.8509375000000001 0.098066 0.19875
0.0 0.967407 0.5417965000000001 0.028428 0.28125
0.0 0.513486 0.7234375000000002 0.043145 0.36875
6.0 0.53293 0.3862300000000001 0.002949 0.103828
