0.0 0.157305 0.4060345 0.01791 0.089922
0.0 0.172681 0.39707050000000005 0.018799 0.09875
6.0 0.286182 0.47084050000000005 0.005605 0.151641
6.0 0.339087 0.3949615 0.007217 0.159844
6.0 0.34731 0.3782620000000001 0.006182 0.149297
6.0 0.424707 0.537637 0.004082 0.099609
6.0 0.435405 0.5089255000000001 0.004307 0.096484
6.0 0.019707 0.4343365 0.005996 0.195156
6.0 0.014087 0.43750000000000006 0.006104 0.21125
6.0 0.007178 0.4646290000000001 0.006348 0.191953
6.0 0.06748 0.461758 0.00709 0.268281
