6.0 0.069048 0.3149800000000001 0.004053 0.095078
7.0 0.991436 0.5180080000000001 0.008926 0.343125
7.0 0.973159 0.34773400000000004 0.005166 0.147188
0.0 0.493779 0.7853125000000002 0.032285 0.272187
0.0 0.503027 0.6680665000000001 0.028711 0.190234
0.0 0.521631 0.4605865000000001 0.026367 0.199531
0.0 0.565562 0.5027155000000001 0.018838 0.115078
0.0 0.60853 0.49527400000000005 0.020264 0.110312
0.0 0.640767 0.4791595000000001 0.016768 0.110547
0.0 0.144395 0.3942580000000001 0.023164 0.121563
0.0 0.061392 0.33625000000000005 0.009014 0.085938
0.0 0.126968 0.38886700000000013 0.0221 0.133594
6.0 0.055503 0.3206635 0.004717 0.108906
7.0 0.262275 0.3274615000000001 0.005 0.068437
7.0 0.390942 0.2767195 0.006104 0.094062
6.0 0.510449 0.47013700000000014 0.00498 0.110547
6.0 0.51752 0.4628125 0.005293 0.108594
