0.0 0.51395 0.26042950000000004 0.013877 0.089844
6.0 0.265854 0.7966795 0.00876 0.184375
0.0 0.501401 0.7954494999999999 0.058857 0.272734
0.0 0.480674 0.633262 0.025039 0.265234
0.0 0.375449 0.40755850000000005 0.017344 0.099297
0.0 0.441792 0.35617150000000003 0.014795 0.096875
0.0 0.016563 0.7007620000000001 0.033125 0.398984
6.0 0.228276 0.48238300000000006 0.002275 0.076562
6.0 0.236763 0.484258 0.001963 0.069531
0.0 0.483848 0.28697200000000006 0.015508 0.106016
6.0 0.115356 0.3303910000000001 0.002354 0.064844
0.0 0.988726 0.7003510000000001 0.022549 0.399531
