0.0 0.992285 0.32201200000000013 0.014863 0.167109
6.0 0.458438 0.685234 0.018125 0.419687
7.0 0.60627 0.2899030000000001 0.006504 0.138359
6.0 0.591338 0.4440625000000001 0.009004 0.276875
0.0 0.002026 0.4830280000000001 0.004053 0.211953
0.0 0.0054 0.4141210000000001 0.010801 0.145078
0.0 0.446421 0.5952925000000001 0.026631 0.266953
0.0 0.808447 0.7189255000000001 0.140703 0.374766
6.0 0.908525 0.4247260000000001 0.012891 0.446406
0.0 0.924517 0.6835930000000001 0.070283 0.420469
7.0 0.959971 0.4492180000000001 0.010234 0.279531
0.0 0.99043 0.433867 0.019141 0.308906
0.0 0.458853 0.39203200000000005 0.015068 0.177656
0.0 0.470796 0.4135945000000001 0.013232 0.079375
0.0 0.472837 0.42103450000000003 0.012021 0.076953
