6.0 0.069048 0.3149800000000001 0.004053 0.095078
7.0 0.891733 0.7247845 0.034053 0.366953
7.0 0.982935 0.364609 0.004912 0.147188
0.0 0.493779 0.8016595 0.032285 0.250391
0.0 0.503027 0.6680665000000001 0.028711 0.190234
0.0 0.479414 0.5093365000000001 0.029961 0.291406
0.0 0.515806 0.5073445000000001 0.018174 0.110938
0.0 0.567026 0.5062300000000001 0.021846 0.110234
0.0 0.61668 0.49515550000000014 0.018984 0.114844
0.0 0.216484 0.3524800000000001 0.01166 0.076484
0.0 0.061392 0.33625000000000005 0.009014 0.085938
0.0 0.126968 0.38886700000000013 0.0221 0.133594
6.0 0.055332 0.30326200000000003 0.00377 0.095703
7.0 0.378018 0.22943350000000007 0.00543 0.072578
6.0 0.523496 0.4835545000000001 0.00498 0.109531
6.0 0.530732 0.46339900000000006 0.005293 0.108594
