0.0 0.479023 0.585976 0.021211 0.220625
0.0 0.489209 0.5187115000000001 0.011934 0.109219
0.0 0.030327 0.437968 0.012393 0.105625
0.0 0.043623 0.49802800000000014 0.025449 0.250547
0.0 0.089746 0.7708989999999999 0.068066 0.305469
0.0 0.377051 0.6595705000000002 0.11582 0.453906
6.0 0.085742 0.43627 0.006641 0.207891
6.0 0.093315 0.4421875000000001 0.010596 0.228906
0.0 0.458076 0.6738085 0.041016 0.422266
6.0 0.366323 0.6310930000000001 0.006885 0.289844
6.0 0.373374 0.6402925 0.009424 0.310859
