0.0 0.994756 0.28040950000000003 0.007676 0.103047
6.0 0.960767 0.26054650000000007 0.002588 0.104063
6.0 0.963906 0.25750000000000006 0.002578 0.10125
0.0 0.520151 0.390391 0.016357 0.105938
7.0 0.447734 0.3513670000000001 0.004551 0.05875
7.0 0.427847 0.3898045000000001 0.006064 0.09375
6.0 0.535825 0.38459050000000006 0.003525 0.081641
6.0 0.224067 0.6469720000000001 0.012236 0.408672
6.0 0.670674 0.7444720000000001 0.011289 0.330859
6.0 0.621348 0.6470905000000001 0.010059 0.389609
6.0 0.655879 0.6870505000000001 0.011523 0.378047
6.0 0.68626 0.6811915000000001 0.009902 0.425078
0.0 0.381958 0.3499615 0.014814 0.077187
6.0 0.349219 0.433867 0.005371 0.191719
7.0 0.444399 0.4332220000000001 0.008857 0.110078
6.0 0.331655 0.31878850000000003 0.004131 0.097969
0.0 0.027324 0.4822075 0.027305 0.251016
0.0 0.732578 0.9431634999999999 0.088789 0.075781
0.0 0.513486 0.7234375000000002 0.043145 0.36875
6.0 0.535327 0.3813085000000001 0.002939 0.103828
