6.0 0.415352 0.7029880000000002 0.015684 0.380547
7.0 0.597349 0.3505465 0.008779 0.184219
6.0 0.586304 0.5197075000000001 0.010693 0.322891
0.0 0.004785 0.4263085 0.00957 0.211953
0.0 0.0054 0.40509700000000004 0.010801 0.133047
0.0 0.449541 0.5795905000000001 0.024219 0.263984
0.0 0.852227 0.6950785 0.13793 0.406563
6.0 0.875273 0.4784575000000001 0.014668 0.535859
0.0 0.956436 0.5616595000000001 0.040488 0.364766
7.0 0.978169 0.35769550000000006 0.008154 0.177656
0.0 0.994165 0.3910345 0.01167 0.251797
0.0 0.458853 0.3833005000000001 0.015068 0.165078
0.0 0.482373 0.3901570000000001 0.013223 0.079375
0.0 0.47355 0.4070905000000001 0.012021 0.076953
