7.0 0.453804 0.42080050000000013 0.004092 0.114453
4.0 0.453735 0.476758 0.00499 0.069062
4.0 0.722686 0.5561530000000001 0.009609 0.215234
0.0 0.01749 0.6869920000000002 0.03416 0.417344
0.0 0.046006 0.46744150000000007 0.022656 0.151172
0.0 0.085176 0.4206835000000001 0.019687 0.140391
6.0 0.331865 0.660742 0.00748 0.344531
0.0 0.065552 0.727129 0.045068 0.362734
0.0 0.510688 0.6741010000000002 0.027588 0.29875
0.0 0.523613 0.420274 0.010117 0.082656
0.0 0.5096 0.41406250000000006 0.011113 0.081562
6.0 0.962256 0.3475585 0.004707 0.147422
4.0 0.842935 0.5171875 0.015342 0.200156
4.0 0.825171 0.5361715 0.011084 0.184219
4.0 0.780693 0.5642380000000001 0.01252 0.178828
