6.0 0.069048 0.3149800000000001 0.004053 0.095078
7.0 0.93978 0.674278 0.022979 0.431172
7.0 0.981753 0.3663670000000001 0.004912 0.147187
7.0 0.978252 0.33396550000000014 0.004629 0.151172
0.0 0.493779 0.7977340000000002 0.032285 0.255625
0.0 0.503027 0.6680665000000001 0.028711 0.190234
0.0 0.489473 0.4956835 0.02877 0.266797
0.0 0.525547 0.502657 0.019551 0.10875
0.0 0.57748 0.5098045000000001 0.020664 0.110313
0.0 0.624453 0.4889455000000001 0.018359 0.116094
0.0 0.203394 0.355117 0.012939 0.087969
0.0 0.061392 0.33625000000000005 0.009014 0.085938
0.0 0.126968 0.38886700000000013 0.0221 0.133594
6.0 0.054648 0.30531250000000004 0.00377 0.095625
7.0 0.380825 0.239395 0.005596 0.077734
6.0 0.519287 0.47992150000000006 0.00498 0.111719
6.0 0.526924 0.46544950000000007 0.005293 0.108672
