0.0 0.476758 0.4536130000000001 0.009531 0.081641
0.0 0.036377 0.3313870000000001 0.008672 0.076328
0.0 0.050649 0.3883405 0.014248 0.120391
0.0 0.102305 0.5961130000000001 0.034648 0.257266
0.0 0.231924 0.4740040000000001 0.025234 0.144609
2.0 0.375908 0.5040625000000002 0.116992 0.514062
2.0 0.411333 0.44042950000000003 0.08835 0.417969
6.0 0.166846 0.5529295000000002 0.005684 0.229687
6.0 0.170449 0.5573830000000002 0.005566 0.233906
0.0 0.162744 0.3783205000000001 0.014668 0.102969
0.0 0.237158 0.43603450000000005 0.023398 0.126484
0.0 0.465571 0.46433650000000004 0.008857 0.098125
0.0 0.454351 0.5573830000000002 0.021045 0.179375
0.0 0.252202 0.7123045000000001 0.078037 0.383594
6.0 0.321416 0.5819920000000001 0.005645 0.256406
6.0 0.556177 0.413359 0.004287 0.117344
0.0 0.007075 0.4972075 0.01415 0.166328
0.0 0.507734 0.5647075000000001 0.015996 0.159297
6.0 0.061958 0.3293365000000001 0.003408 0.077031
