0.0 0.078237 0.3738670000000001 0.011943 0.073906
7.0 0.16394 0.5556835000000001 0.006982 0.226797
4.0 0.164023 0.6517780000000001 0.007461 0.145703
6.0 0.435078 0.5064655000000001 0.004238 0.144297
6.0 0.471313 0.42326200000000014 0.003467 0.093984
6.0 0.462451 0.4508005 0.003672 0.098828
6.0 0.461499 0.4682035 0.003877 0.115
6.0 0.546265 0.4318165 0.004385 0.144453
6.0 0.541553 0.442363 0.004062 0.146641
6.0 0.535459 0.4220905000000001 0.003887 0.124141
0.0 0.930029 0.7510345 0.067344 0.331953
4.0 0.87292 0.46164100000000013 0.012637 0.148594
0.0 0.019116 0.711601 0.038232 0.384531
0.0 0.004458 0.3639655 0.00874 0.105703
6.0 0.104854 0.5141995 0.00543 0.218516
0.0 0.020464 0.3941410000000001 0.013896 0.118437
0.0 0.509121 0.769258 0.043145 0.307656
0.0 0.520986 0.4386130000000001 0.010117 0.082578
0.0 0.505386 0.4980865 0.016514 0.126719
4.0 0.920327 0.3985345 0.01126 0.115078
4.0 0.914326 0.40609300000000004 0.010547 0.110781
4.0 0.899985 0.4162885000000001 0.012568 0.134375
