7.0 0.471348 0.4071490000000001 0.003574 0.08
4.0 0.471182 0.4454095 0.003437 0.052109
4.0 0.639893 0.5302540000000001 0.016152 0.144766
0.0 0.034258 0.6841795 0.040234 0.421094
0.0 0.099531 0.5399215000000002 0.025254 0.164062
0.0 0.142393 0.44324200000000014 0.021348 0.140469
6.0 0.40335 0.5544535 0.004922 0.224531
0.0 0.219741 0.8727925000000001 0.112471 0.169609
0.0 0.506777 0.652363 0.024961 0.291328
0.0 0.520488 0.42701200000000006 0.010117 0.082578
0.0 0.506523 0.3987115000000001 0.009453 0.0675
6.0 0.94981 0.3747460000000001 0.004834 0.193047
4.0 0.743882 0.5815825000000001 0.010244 0.221641
4.0 0.716221 0.6019135 0.014219 0.199688
4.0 0.680684 0.5710945000000001 0.014922 0.181406
