7.0 0.066182 0.37638700000000014 0.006523 0.162109
0.0 0.981157 0.28533250000000004 0.019717 0.217422
0.0 0.436284 0.5948245 0.021299 0.222109
6.0 0.548198 0.680722 0.018584 0.425703
6.0 0.593369 0.40058650000000007 0.006641 0.218906
0.0 0.005142 0.3957220000000001 0.010283 0.153672
0.0 0.353115 0.8157819999999999 0.078555 0.245625
0.0 0.787637 0.7168165000000001 0.143789 0.377578
6.0 0.931426 0.2930665000000001 0.009297 0.303984
0.0 0.91708 0.6485545000000001 0.085293 0.467656
7.0 0.950967 0.5157820000000001 0.014453 0.410469
0.0 0.988198 0.4312300000000001 0.023604 0.305391
0.0 0.458853 0.4207420000000001 0.015068 0.17625
0.0 0.469194 0.4328125 0.013232 0.079375
0.0 0.471753 0.4421290000000001 0.012021 0.076953
