6.0 0.971924 0.31826200000000004 0.005391 0.135703
0.0 0.057573 0.5116795000000001 0.015713 0.176094
0.0 0.039629 0.5840425 0.026523 0.274453
0.0 0.455464 0.5937115000000002 0.048818 0.541719
0.0 0.485508 0.4785160000000001 0.012148 0.133906
0.0 0.008711 0.5051755 0.017422 0.262266
6.0 0.065181 0.3762115000000001 0.00374 0.115313
7.0 0.100615 0.4510930000000001 0.007852 0.174063
4.0 0.100605 0.5458990000000001 0.009805 0.121094
0.0 0.153027 0.2821675000000001 0.011211 0.041016
0.0 0.012036 0.27636700000000003 0.004189 0.045781
0.0 0.021421 0.3022075 0.005146 0.050703
2.0 0.560449 0.4406050000000001 0.067285 0.738828
0.0 0.510752 0.5099800000000001 0.013105 0.172109
