6.0 0.96187 0.2591410000000001 0.002588 0.099375
0.0 0.540195 0.402988 0.017598 0.116328
7.0 0.473169 0.365605 0.004541 0.058828
7.0 0.481665 0.3959575 0.006064 0.093047
6.0 0.189248 0.6121675000000001 0.011367 0.388203
6.0 0.629414 0.7478710000000002 0.010234 0.335078
6.0 0.602896 0.623476 0.00917 0.355156
6.0 0.629844 0.653242 0.01002 0.358125
6.0 0.644839 0.6674215000000001 0.009717 0.438594
0.0 0.386997 0.3670705 0.014814 0.077188
0.0 0.012495 0.3971875000000001 0.015107 0.165312
6.0 0.333184 0.41546950000000005 0.005371 0.190937
7.0 0.433838 0.4211530000000001 0.008848 0.110078
0.0 0.538892 0.412891 0.010498 0.141406
6.0 0.345132 0.32377000000000006 0.004131 0.097891
0.0 0.127744 0.7834374999999999 0.115254 0.28625
0.0 0.947222 0.6951955000000001 0.046104 0.387344
0.0 0.513486 0.7234375000000002 0.043145 0.36875
6.0 0.533691 0.3847075000000001 0.002949 0.103828
