0.0 0.039746 0.33923800000000004 0.009766 0.085703
0.0 0.061699 0.4222075000000001 0.019219 0.147734
0.0 0.166943 0.7588869999999999 0.060254 0.321484
0.0 0.259004 0.4790425000000001 0.025234 0.144609
2.0 0.421265 0.4598245 0.065381 0.388984
2.0 0.427554 0.4390240000000001 0.073955 0.371094
6.0 0.194355 0.575605 0.006035 0.252422
6.0 0.19521 0.5816410000000001 0.005635 0.245
0.0 0.181738 0.3902155000000001 0.017207 0.108828
0.0 0.259976 0.41957050000000007 0.023389 0.117656
0.0 0.468232 0.4885930000000001 0.016973 0.138125
0.0 0.367842 0.6994135000000001 0.056309 0.400781
6.0 0.352119 0.5483590000000002 0.00541 0.236563
6.0 0.55106 0.41207050000000006 0.004014 0.114688
0.0 0.00731 0.49287100000000006 0.01415 0.166328
0.0 0.508154 0.5651170000000001 0.015859 0.161563
6.0 0.066924 0.3429295000000001 0.003809 0.084844
