0.0 0.079395 0.3906835000000001 0.012734 0.072891
7.0 0.187119 0.5397460000000001 0.00666 0.195078
4.0 0.185376 0.7517380000000001 0.014873 0.165859
6.0 0.439561 0.49087900000000007 0.004238 0.144297
6.0 0.472622 0.417403 0.003467 0.093984
6.0 0.465806 0.4380280000000001 0.003662 0.098828
6.0 0.46335 0.453847 0.003867 0.115078
6.0 0.543857 0.4263085 0.004395 0.144453
6.0 0.539624 0.430351 0.00374 0.140781
6.0 0.533779 0.41552800000000006 0.003887 0.124141
0.0 0.960044 0.6816010000000001 0.039365 0.382344
4.0 0.869736 0.4725970000000001 0.011426 0.149453
0.0 0.018467 0.708028 0.036934 0.389297
0.0 0.00498 0.3574615 0.009453 0.100625
6.0 0.112817 0.5383405000000001 0.006025 0.241953
0.0 0.022432 0.42080050000000013 0.017012 0.128828
0.0 0.509048 0.7636330000000001 0.041123 0.315156
0.0 0.520986 0.4346290000000001 0.010117 0.082578
0.0 0.505239 0.4866010000000001 0.016514 0.126719
4.0 0.918618 0.409903 0.011748 0.122891
4.0 0.91209 0.412774 0.010547 0.110781
4.0 0.896553 0.429766 0.013164 0.138594
