6.0 0.417124 0.7024615000000002 0.015791 0.382812
7.0 0.59729 0.34544950000000013 0.008643 0.181484
6.0 0.587319 0.514024 0.0104 0.319219
0.0 0.004692 0.428887 0.009385 0.211953
0.0 0.0054 0.40550800000000004 0.010801 0.133594
0.0 0.449473 0.5795905000000001 0.02418 0.263047
0.0 0.8496 0.6969535000000001 0.139082 0.404062
6.0 0.876982 0.477226 0.01459 0.532344
0.0 0.95479 0.5726755000000001 0.041943 0.376016
7.0 0.977271 0.3618550000000001 0.008252 0.182266
0.0 0.993936 0.3937885000000001 0.012129 0.255469
0.0 0.458853 0.3836530000000001 0.015068 0.165703
0.0 0.481738 0.39132850000000013 0.013223 0.079375
0.0 0.473516 0.4077925000000001 0.012031 0.076953
