7.0 0.4123 0.511738 0.006338 0.206484
4.0 0.412759 0.5951170000000001 0.007744 0.116406
6.0 0.46481 0.43990300000000004 0.003916 0.113359
4.0 0.801587 0.5561530000000001 0.009619 0.215234
0.0 0.015425 0.6909760000000001 0.03085 0.412031
0.0 0.044189 0.3674215000000001 0.016758 0.102656
6.0 0.225737 0.6913870000000001 0.012256 0.380234
0.0 0.036787 0.559609 0.029512 0.280469
0.0 0.508721 0.7372075000000001 0.031621 0.350391
0.0 0.52168 0.419278 0.010117 0.082578
0.0 0.508198 0.43509700000000007 0.01292 0.096641
6.0 0.965962 0.32136700000000007 0.003799 0.122969
4.0 0.886826 0.4614655000000001 0.020645 0.179766
4.0 0.876831 0.48437500000000006 0.015342 0.160313
4.0 0.844126 0.516718 0.011768 0.163438
