0.0 0.471836 0.4525585000000001 0.010586 0.098516
0.0 0.455547 0.4766995 0.010117 0.103828
0.0 0.409883 0.6454495000000001 0.043594 0.300859
0.0 0.024419 0.319726 0.004834 0.04375
0.0 0.029565 0.32775400000000005 0.005303 0.057266
0.0 0.041289 0.38066350000000004 0.007754 0.082656
2.0 0.111396 0.4183405 0.077715 0.434453
2.0 0.337695 0.4737115 0.167031 0.601719
0.0 0.397461 0.6122845000000001 0.041367 0.239766
0.0 0.147988 0.7598829999999999 0.060254 0.320156
0.0 0.055508 0.3995305 0.013555 0.144375
6.0 0.174658 0.5524615 0.005645 0.256406
6.0 0.58498 0.45115300000000014 0.005703 0.177109
0.0 0.007075 0.4858990000000001 0.01415 0.197656
0.0 0.506162 0.5631250000000001 0.016523 0.150781
