0.0 0.979712 0.3528325000000001 0.013311 0.177422
0.0 0.939966 0.672637 0.055908 0.426641
0.0 0.915098 0.588379 0.037227 0.345703
0.0 0.106787 0.8079879999999999 0.070801 0.256016
0.0 0.453657 0.6705865 0.031514 0.276563
0.0 0.482007 0.4267180000000001 0.009912 0.104062
2.0 0.007568 0.17810500000000007 0.005352 0.060391
2.0 0.012563 0.18525400000000006 0.005674 0.085391
0.0 0.00748 0.23212900000000006 0.003887 0.037734
0.0 0.003218 0.2132035 0.003623 0.025938
0.0 0.012695 0.7203910000000001 0.025391 0.372812
0.0 0.991602 0.6988285000000001 0.016797 0.401563
0.0 0.012969 0.2816995 0.006934 0.049141
0.0 0.518813 0.37615300000000007 0.008916 0.098203
0.0 0.50481 0.7508005 0.039795 0.332266
0.0 0.505825 0.4471675000000001 0.018643 0.104766
0.0 0.019795 0.33929650000000006 0.009863 0.091562
0.0 0.538291 0.5392780000000001 0.02584 0.348672
0.0 0.030225 0.42525400000000013 0.01457 0.156016
