0.0 0.437842 0.34603450000000013 0.017285 0.113203
0.0 0.511929 0.32681650000000007 0.0171 0.125703
0.0 0.385117 0.4220320000000001 0.021348 0.125781
0.0 0.373535 0.40462900000000007 0.014277 0.090703
0.0 0.479697 0.31287100000000007 0.016133 0.089766
6.0 0.279424 0.7525584999999999 0.007734 0.293672
0.0 0.501401 0.7954494999999999 0.058857 0.272734
0.0 0.480674 0.633262 0.025039 0.265234
0.0 0.343657 0.4298245 0.011768 0.082891
0.0 0.016753 0.7007620000000001 0.033506 0.398984
6.0 0.222446 0.47962900000000014 0.002217 0.072266
6.0 0.230464 0.4837885 0.001963 0.069531
0.0 0.382441 0.3979495 0.016504 0.120078
6.0 0.111519 0.330625 0.002354 0.064844
0.0 0.988726 0.7003510000000001 0.022549 0.399531
