6.0 0.96813 0.3310945 0.005986 0.148125
0.0 0.09271 0.6617965 0.034678 0.192031
0.0 0.088135 0.7445320000000001 0.07666 0.340625
0.0 0.477153 0.5156635 0.026729 0.365781
0.0 0.009561 0.5209960000000001 0.019082 0.279922
6.0 0.074541 0.3887500000000001 0.004023 0.132031
7.0 0.109287 0.4788085 0.008105 0.188672
4.0 0.109575 0.5730865 0.010049 0.140156
0.0 0.148452 0.297637 0.01165 0.046484
0.0 0.012495 0.27068350000000013 0.004932 0.051797
0.0 0.023862 0.31621150000000003 0.005791 0.063281
2.0 0.558511 0.44869150000000013 0.065342 0.729453
0.0 0.510259 0.5223430000000001 0.014072 0.1775
