0.0 0.978872 0.362032 0.013506 0.185312
0.0 0.933374 0.6786130000000001 0.059814 0.421172
0.0 0.903237 0.6324415000000001 0.04417 0.384609
0.0 0.09707 0.7925200000000001 0.066211 0.275391
0.0 0.450171 0.695254 0.03374 0.294453
0.0 0.481377 0.433867 0.01041 0.1075
2.0 0.007388 0.17775400000000005 0.005264 0.059297
2.0 0.012334 0.18484300000000006 0.005586 0.084375
0.0 0.0073 0.230899 0.003818 0.037031
0.0 0.003032 0.2132035 0.003564 0.025938
0.0 0.012695 0.7203910000000001 0.025391 0.372812
0.0 0.991602 0.6988285000000001 0.016797 0.401563
0.0 0.012705 0.279238 0.006738 0.048672
0.0 0.518501 0.3709375 0.008604 0.095
0.0 0.50481 0.7508005 0.039795 0.332266
0.0 0.505825 0.4471675000000001 0.018643 0.104766
0.0 0.019331 0.3358405000000001 0.009658 0.089922
0.0 0.536064 0.5180665 0.024121 0.321172
0.0 0.029448 0.4192180000000001 0.014189 0.151875
