0.0 0.02041 0.6705280000000001 0.039062 0.439297
2.0 0.067261 0.366601 0.02085 0.247969
0.0 0.076797 0.7278325000000001 0.041211 0.362891
0.0 0.155972 0.7976755 0.109346 0.269766
6.0 0.208877 0.3822460000000001 0.003633 0.100234
0.0 0.387012 0.8113870000000001 0.079551 0.251484
0.0 0.450234 0.6745705000000002 0.045781 0.433906
0.0 0.502339 0.7428910000000002 0.036143 0.342812
7.0 0.55668 0.5280865 0.006465 0.251719
4.0 0.557192 0.59752 0.014033 0.131172
7.0 0.543633 0.4689655000000001 0.005801 0.156016
6.0 0.688105 0.4383205 0.003105 0.087344
