6.0 0.069556 0.3265825 0.004053 0.095078
0.0 0.493735 0.7881835000000001 0.033154 0.271016
0.0 0.503027 0.6680665000000001 0.028711 0.190234
0.0 0.541045 0.46627 0.028164 0.194297
0.0 0.582437 0.5012500000000001 0.019033 0.120938
0.0 0.618091 0.4850200000000001 0.020264 0.110234
0.0 0.640664 0.48085900000000004 0.016387 0.104688
0.0 0.096079 0.4076755000000001 0.020146 0.128828
0.0 0.061392 0.33625000000000005 0.009014 0.085938
0.0 0.126968 0.38886700000000013 0.0221 0.133594
7.0 0.009478 0.4495705000000001 0.008506 0.213594
6.0 0.060996 0.3289255000000001 0.00543 0.123516
7.0 0.277949 0.31820350000000003 0.005 0.068438
7.0 0.398784 0.30671950000000003 0.006455 0.105312
6.0 0.50457 0.4634575000000001 0.00498 0.109453
6.0 0.511255 0.45953050000000006 0.00499 0.107031
