0.0 0.983184 0.21015700000000007 0.00543 0.046875
0.0 0.988398 0.24261700000000005 0.006797 0.060469
6.0 0.958042 0.2640625000000001 0.002588 0.115625
6.0 0.960859 0.26664100000000013 0.002578 0.115312
0.0 0.504985 0.3702925000000001 0.005283 0.061484
7.0 0.391831 0.3238285000000001 0.004541 0.05875
7.0 0.293594 0.2940625000000001 0.00748 0.112656
6.0 0.529468 0.38283250000000013 0.003525 0.081641
6.0 0.316099 0.6618550000000001 0.010928 0.393047
6.0 0.80605 0.7393750000000001 0.012979 0.324219
6.0 0.695605 0.6763285000000001 0.011426 0.431562
6.0 0.75791 0.7135345000000002 0.012324 0.381953
6.0 0.809775 0.6626170000000001 0.009902 0.443125
0.0 0.380786 0.357109 0.014814 0.077187
6.0 0.389033 0.4757035 0.005371 0.191719
7.0 0.446211 0.421855 0.008848 0.110078
6.0 0.31439 0.3071875 0.004131 0.097969
0.0 0.540483 0.5991010000000001 0.022939 0.228281
0.0 0.513486 0.7234375000000002 0.043145 0.36875
6.0 0.536743 0.37837900000000013 0.002939 0.103828
