0.0 0.985967 0.3080080000000001 0.009434 0.109687
0.0 0.974541 0.429355 0.02002 0.224453
0.0 0.963374 0.3470905 0.012998 0.115391
0.0 0.388994 0.84502 0.064121 0.206641
0.0 0.475811 0.5053510000000001 0.014434 0.133281
0.0 0.489019 0.3730465 0.006201 0.069687
2.0 0.010107 0.18121150000000005 0.006055 0.073594
2.0 0.015371 0.19046950000000007 0.00668 0.097813
0.0 0.009678 0.2474215 0.00457 0.046094
0.0 0.005356 0.222754 0.004404 0.028359
0.0 0.011362 0.7129495000000001 0.022725 0.382734
0.0 0.992173 0.6724030000000001 0.015654 0.380234
0.0 0.017114 0.32259700000000013 0.009893 0.064453
0.0 0.52397 0.438379 0.015146 0.177109
0.0 0.50481 0.7508005 0.039795 0.332266
0.0 0.505825 0.4471675000000001 0.018643 0.104766
0.0 0.02666 0.40351600000000004 0.016602 0.14375
0.0 0.661909 0.638242 0.130068 0.482344
0.0 0.515527 0.316621 0.006445 0.070078
0.0 0.054346 0.6139255 0.035352 0.285391
