7.0 0.462402 0.4016410000000001 0.004102 0.093125
4.0 0.462627 0.452851 0.004355 0.063906
4.0 0.694375 0.556504 0.011484 0.195078
0.0 0.018706 0.6860545000000001 0.036182 0.418594
0.0 0.06123 0.4751755 0.023926 0.151172
0.0 0.10355 0.4306450000000001 0.020713 0.140391
6.0 0.363604 0.6151555000000001 0.006621 0.300937
0.0 0.086685 0.768145 0.063018 0.305234
0.0 0.51064 0.6640240000000002 0.026143 0.295937
0.0 0.524307 0.4206835000000001 0.010117 0.082578
0.0 0.509497 0.4092580000000001 0.010479 0.076094
6.0 0.959492 0.35752 0.004687 0.162266
4.0 0.816914 0.5494720000000002 0.015859 0.218047
4.0 0.794019 0.5746675000000001 0.012217 0.191484
4.0 0.74896 0.5693365000000001 0.013721 0.179688
