0.0 0.653945 0.34580050000000007 0.016875 0.144609
6.0 0.637266 0.32628850000000004 0.004551 0.14375
7.0 0.27292 0.6904495000000002 0.012793 0.391953
0.0 0.399541 0.4007620000000001 0.021348 0.115391
7.0 0.160293 0.53002 0.006055 0.237891
6.0 0.177134 0.5451370000000001 0.00585 0.224766
6.0 0.162949 0.7024030000000001 0.008711 0.396797
6.0 0.169268 0.7001755000000001 0.007695 0.384766
6.0 0.1896 0.642754 0.00918 0.401172
6.0 0.263906 0.56998 0.009707 0.365859
0.0 0.420664 0.3049615000000001 0.018184 0.089844
0.0 0.417437 0.3356635 0.018115 0.078906
0.0 0.400952 0.4134175 0.022881 0.127578
