2.0 0.025869 0.237637 0.00998 0.144766
2.0 0.061089 0.2800585000000001 0.042998 0.283516
0.0 0.061196 0.6537115 0.033643 0.279219
0.0 0.02333 0.396895 0.011094 0.088359
0.0 0.004565 0.442246 0.009131 0.122734
0.0 0.997979 0.402988 0.004043 0.163047
0.0 0.428774 0.785254 0.052529 0.283047
0.0 0.975498 0.43445350000000005 0.016777 0.21
0.0 0.50481 0.7508005 0.039795 0.332266
0.0 0.505825 0.4471675000000001 0.018643 0.104766
0.0 0.476323 0.5023045 0.013564 0.108437
7.0 0.588013 0.23775400000000002 0.0046 0.082422
7.0 0.576807 0.29535100000000003 0.006094 0.102656
7.0 0.633945 0.411895 0.010059 0.212578
0.0 0.987168 0.3269920000000001 0.008848 0.099219
0.0 0.526943 0.4468165 0.012246 0.153984
0.0 0.681162 0.615274 0.145293 0.512969
0.0 0.4846 0.4049215 0.008633 0.066875
