0.0 0.989478 0.24806650000000005 0.006826 0.075234
6.0 0.95981 0.261778 0.002588 0.108203
6.0 0.962832 0.2606635000000001 0.002578 0.10625
0.0 0.513047 0.3817780000000001 0.007891 0.092266
7.0 0.42604 0.339532 0.004326 0.05875
7.0 0.378374 0.3494335000000001 0.005791 0.101641
6.0 0.532061 0.38119150000000007 0.003535 0.081641
6.0 0.256909 0.6667780000000001 0.011338 0.410859
6.0 0.714927 0.74998 0.012197 0.327266
6.0 0.642817 0.6436915000000002 0.01083 0.419609
6.0 0.686138 0.7093750000000001 0.012334 0.3875
6.0 0.725493 0.6884575000000002 0.009893 0.414609
0.0 0.381343 0.351601 0.014814 0.077187
6.0 0.363203 0.4485745000000001 0.005371 0.191641
7.0 0.446528 0.4276555000000001 0.008857 0.110156
6.0 0.323384 0.3071875 0.004131 0.097969
0.0 0.006909 0.3514255000000001 0.010986 0.150703
0.0 0.574644 0.7705464999999999 0.056396 0.265
0.0 0.513486 0.7234375000000002 0.043145 0.36875
6.0 0.536743 0.37837900000000013 0.002939 0.103828
