0.0 0.461084 0.320722 0.016406 0.106953
0.0 0.459048 0.3932035000000001 0.023662 0.141094
0.0 0.401704 0.389395 0.011514 0.087734
0.0 0.504546 0.281347 0.013193 0.077891
6.0 0.272358 0.7414255000000002 0.006592 0.289609
0.0 0.501401 0.7954494999999999 0.058857 0.272734
0.0 0.480674 0.633262 0.025039 0.265234
0.0 0.371392 0.4173445 0.013525 0.0975
0.0 0.016768 0.7007620000000001 0.033535 0.398984
6.0 0.223862 0.480742 0.002217 0.075313
6.0 0.232192 0.484726 0.001963 0.069531
0.0 0.414497 0.3633790000000001 0.016553 0.118516
6.0 0.113071 0.3303910000000001 0.002354 0.064844
0.0 0.988726 0.7003510000000001 0.022549 0.399531
