0.0 0.450356 0.6923245000000001 0.042803 0.373516
0.0 0.793345 0.2706250000000001 0.016768 0.149844
0.0 0.506084 0.5221675 0.013066 0.142422
0.0 0.008027 0.4895905 0.016055 0.263359
0.0 0.168145 0.46164100000000013 0.012734 0.132812
0.0 0.179912 0.5941795000000001 0.02041 0.182656
0.0 0.024116 0.3959575 0.010732 0.131953
0.0 0.093574 0.7958589999999999 0.074746 0.255937
0.0 0.206982 0.5395705000000001 0.019824 0.25625
0.0 0.75938 0.381895 0.015615 0.128984
0.0 0.828887 0.4154095 0.026563 0.192266
