6.0 0.962241 0.2586715000000001 0.002588 0.097813
0.0 0.545444 0.40896550000000004 0.011064 0.098203
7.0 0.481992 0.3673630000000001 0.004551 0.058828
7.0 0.497397 0.39191350000000014 0.005811 0.086875
6.0 0.178809 0.5960545 0.010352 0.374531
6.0 0.619429 0.7432420000000001 0.010088 0.338437
6.0 0.597061 0.6142180000000002 0.008867 0.343594
6.0 0.62207 0.6431050000000001 0.009512 0.351484
6.0 0.634531 0.6668950000000001 0.009258 0.427109
0.0 0.388677 0.37269550000000007 0.014814 0.077187
0.0 0.020806 0.44968750000000013 0.02124 0.207344
6.0 0.327988 0.4074415 0.005371 0.189609
7.0 0.428096 0.4237885000000001 0.008848 0.110156
0.0 0.521733 0.41699200000000003 0.017412 0.141406
6.0 0.350601 0.327109 0.004131 0.097969
0.0 0.287397 0.8518749999999999 0.101416 0.1975
0.0 0.961641 0.591601 0.033477 0.319531
0.0 0.513486 0.7234375000000002 0.043145 0.36875
6.0 0.533149 0.3858205000000001 0.002939 0.10375
