6.0 0.595103 0.362032 0.004541 0.14375
0.0 0.595337 0.49627000000000004 0.02501 0.238828
7.0 0.152456 0.6772075000000001 0.01542 0.409766
0.0 0.326514 0.41910100000000006 0.023594 0.133594
6.0 0.09689 0.4695505000000001 0.00585 0.224766
6.0 0.071265 0.5858590000000001 0.007979 0.379219
6.0 0.078848 0.5775385000000001 0.007695 0.361406
6.0 0.104741 0.5192965 0.008408 0.3175
6.0 0.152896 0.5106835000000001 0.009717 0.365859
0.0 0.354038 0.34375000000000006 0.019268 0.088281
0.0 0.351357 0.3713470000000001 0.018125 0.086172
0.0 0.340586 0.381895 0.023301 0.141172
