0.0 0.07873 0.38107450000000004 0.012285 0.073516
7.0 0.170059 0.5911330000000001 0.005977 0.267031
4.0 0.168262 0.6777340000000001 0.006836 0.148438
6.0 0.437002 0.4997845 0.004238 0.144297
6.0 0.471875 0.4207420000000001 0.003457 0.093906
6.0 0.464341 0.4442965 0.003662 0.09875
6.0 0.462295 0.4620505000000001 0.003867 0.115078
6.0 0.545234 0.429472 0.004395 0.144453
6.0 0.540723 0.43720750000000014 0.003926 0.144141
6.0 0.534741 0.419278 0.003877 0.124141
0.0 0.943779 0.7233790000000001 0.05457 0.368828
4.0 0.871558 0.46632850000000003 0.012119 0.148906
0.0 0.018838 0.7100785000000001 0.037676 0.386563
0.0 0.00458 0.3612115000000001 0.008848 0.103594
6.0 0.107529 0.5223430000000001 0.005684 0.224375
0.0 0.021309 0.40556650000000005 0.015234 0.122891
0.0 0.509087 0.7668550000000002 0.042275 0.310859
0.0 0.520986 0.436855 0.010117 0.082578
0.0 0.505317 0.4931635 0.016514 0.126719
4.0 0.9196 0.403399 0.011465 0.118437
4.0 0.913369 0.408907 0.010547 0.110781
4.0 0.898745 0.42302800000000007 0.012822 0.136172
