0.0 0.948237 0.6841795 0.043174 0.421094
0.0 0.670728 0.5035345000000001 0.01292 0.129141
6.0 0.356489 0.4037500000000001 0.007881 0.145469
4.0 0.357271 0.614395 0.007119 0.128203
6.0 0.853345 0.66373 0.012158 0.435859
6.0 0.843198 0.6855280000000001 0.010127 0.418203
0.0 0.924785 0.483145 0.010801 0.144453
0.0 0.969668 0.5588470000000001 0.017461 0.351328
6.0 0.713052 0.4430665000000001 0.003389 0.145078
0.0 0.632266 0.7412500000000001 0.037832 0.337969
7.0 0.796367 0.6307420000000001 0.01457 0.492344
4.0 0.791328 0.8831634999999999 0.01957 0.155781
7.0 0.783364 0.6775000000000001 0.025791 0.43
6.0 0.721323 0.4600000000000001 0.004443 0.142344
