7.0 0.260049 0.4919920000000001 0.004336 0.093437
0.0 0.423262 0.36068350000000005 0.017559 0.116016
0.0 0.419644 0.39466750000000006 0.021396 0.132578
0.0 0.466519 0.3279295000000001 0.016572 0.092344
0.0 0.517822 0.245899 0.013828 0.105938
6.0 0.283159 0.759238 0.008936 0.294141
0.0 0.501401 0.7954494999999999 0.058857 0.272734
0.0 0.480674 0.633262 0.025039 0.265234
0.0 0.332563 0.41746150000000004 0.009717 0.053594
0.0 0.016743 0.7007620000000001 0.033486 0.398984
6.0 0.221626 0.4789840000000001 0.002217 0.070469
6.0 0.229702 0.48238300000000006 0.001963 0.069531
0.0 0.365776 0.40550800000000004 0.016221 0.118437
0.0 0.988726 0.7003510000000001 0.022549 0.399531
