7.0 0.522593 0.4362115 0.0046 0.162656
6.0 0.517632 0.426778 0.003662 0.116641
0.0 0.438506 0.7734174999999999 0.054512 0.302109
0.0 0.474512 0.6068365 0.023828 0.249219
0.0 0.481846 0.473653 0.016172 0.245547
6.0 0.280781 0.6500200000000002 0.01293 0.466641
6.0 0.311519 0.6599215 0.012705 0.440937
0.0 0.017256 0.373984 0.010566 0.090781
0.0 0.023594 0.38552800000000004 0.009551 0.119297
0.0 0.031611 0.49925800000000004 0.016465 0.145781
0.0 0.054946 0.5907805000000002 0.043037 0.437812
0.0 0.186304 0.6691210000000002 0.192861 0.441172
6.0 0.169219 0.6069535 0.01123 0.434531
6.0 0.171978 0.6152155000000001 0.012842 0.418984
