0.0 0.98126 0.2587885 0.006172 0.050156
0.0 0.96499 0.4685545000000001 0.02502 0.288906
0.0 0.653447 0.7789839999999999 0.124512 0.294687
0.0 0.659062 0.702109 0.066426 0.333125
0.0 0.044648 0.532012 0.025039 0.212891
0.0 0.371587 0.8760744999999999 0.074424 0.165234
0.0 0.471943 0.5190040000000001 0.017617 0.165078
2.0 0.005527 0.1745905 0.004434 0.048516
2.0 0.00999 0.1805665 0.004746 0.073984
0.0 0.005469 0.21818350000000006 0.003262 0.030078
0.0 0.001563 0.2132035 0.003125 0.025938
0.0 0.012695 0.7203910000000001 0.025391 0.372812
0.0 0.991602 0.6988285000000001 0.016797 0.401563
0.0 0.010103 0.2550970000000001 0.004814 0.043359
0.0 0.515601 0.326113 0.0054 0.065078
0.0 0.50481 0.7508005 0.039795 0.332266
0.0 0.505825 0.4471675000000001 0.018643 0.104766
0.0 0.014805 0.3012115 0.007578 0.0725
0.0 0.522622 0.3987115000000001 0.013389 0.173438
0.0 0.021646 0.359101 0.0104 0.110469
