0.0 0.020254 0.6705865 0.038926 0.439219
2.0 0.06689 0.3648430000000001 0.020596 0.244687
0.0 0.07626 0.727129 0.040488 0.363828
0.0 0.151885 0.7959759999999999 0.10873 0.272031
6.0 0.208682 0.382012 0.003613 0.098984
0.0 0.384663 0.8134374999999999 0.080889 0.24875
0.0 0.449229 0.6747460000000001 0.046699 0.433672
0.0 0.502471 0.743008 0.036055 0.342656
7.0 0.557148 0.52873 0.006484 0.252891
4.0 0.557661 0.5991010000000001 0.014053 0.132344
7.0 0.543848 0.4680865000000001 0.00584 0.154062
6.0 0.688594 0.4362115 0.003105 0.087813
