7.0 0.953516 0.4822075 0.013867 0.506016
6.0 0.540142 0.491641 0.01001 0.309063
0.0 0.03082 0.5458405000000002 0.018047 0.200859
0.0 0.070796 0.7573045000000002 0.066279 0.323594
0.0 0.295122 0.2740240000000001 0.228701 0.967969
0.0 0.465239 0.647383 0.033193 0.4025
0.0 0.482539 0.500137 0.019121 0.222422
6.0 0.062803 0.427891 0.007012 0.196406
6.0 0.072402 0.43644550000000004 0.006602 0.174531
0.0 0.024844 0.36572200000000005 0.015664 0.181797
6.0 0.049585 0.40158250000000006 0.005342 0.160391
6.0 0.04564 0.39302800000000004 0.006963 0.159922
