0.0 0.476855 0.5747845000000001 0.010352 0.112266
0.0 0.169634 0.4845505000000001 0.01792 0.096016
0.0 0.184814 0.4550200000000001 0.018457 0.092266
6.0 0.272705 0.513847 0.006152 0.156016
6.0 0.346533 0.4036915000000001 0.007227 0.158047
6.0 0.349712 0.3941410000000001 0.006182 0.159687
6.0 0.447764 0.5333005000000001 0.004082 0.099609
6.0 0.459546 0.502657 0.004307 0.106875
6.0 0.045464 0.4390240000000001 0.005615 0.162031
6.0 0.041279 0.4272460000000001 0.003848 0.160547
6.0 0.036367 0.446875 0.006523 0.15625
6.0 0.076016 0.4636915 0.006699 0.199453
