7.0 0.739258 0.4685545000000001 0.045117 0.708594
6.0 0.529424 0.45584050000000004 0.00707 0.224766
0.0 0.04667 0.6850585000000001 0.029687 0.354297
0.0 0.191846 0.9592195 0.055879 0.054375
0.0 0.427935 0.5163085000000001 0.082217 0.644922
0.0 0.477944 0.554629 0.023604 0.276484
0.0 0.487012 0.47042950000000006 0.018086 0.173906
6.0 0.084497 0.488653 0.007764 0.267422
6.0 0.09896 0.5066995000000001 0.010498 0.272109
0.0 0.023994 0.3883405 0.01334 0.217734
0.0 0.031431 0.41646550000000004 0.025322 0.249922
6.0 0.060986 0.417871 0.005332 0.179922
6.0 0.056821 0.41505850000000005 0.006963 0.189766
