7.0 0.066904 0.372109 0.006523 0.166406
0.0 0.980874 0.277246 0.02042 0.219922
0.0 0.436001 0.6056050000000001 0.021299 0.228828
6.0 0.555288 0.680722 0.018584 0.425703
6.0 0.593794 0.398887 0.006436 0.215391
0.0 0.005054 0.37802800000000003 0.010107 0.153672
0.0 0.326035 0.8366410000000002 0.084258 0.217812
0.0 0.793726 0.7138285000000001 0.143486 0.381563
6.0 0.932603 0.2870305000000001 0.009072 0.303594
0.0 0.918374 0.6443365000000001 0.081787 0.473438
7.0 0.951475 0.5028910000000001 0.014453 0.408125
0.0 0.988057 0.4304095 0.023887 0.304297
0.0 0.458853 0.42349600000000004 0.015068 0.174922
0.0 0.468945 0.4416010000000001 0.013223 0.079375
0.0 0.471685 0.4434175 0.012021 0.076953
