0.0 0.311577 0.7475785 0.060303 0.336562
0.0 0.462217 0.4367965 0.012461 0.089219
6.0 0.416284 0.468262 0.005381 0.140703
6.0 0.40958 0.47441350000000004 0.004102 0.130312
6.0 0.081177 0.41201200000000004 0.005322 0.173359
0.0 0.008345 0.4533205 0.012861 0.156563
0.0 0.501797 0.5543950000000002 0.015371 0.169453
6.0 0.179507 0.5273830000000002 0.006123 0.212656
0.0 0.042485 0.37058650000000004 0.011885 0.111719
6.0 0.173257 0.4965040000000001 0.006084 0.208047
6.0 0.941738 0.424375 0.00543 0.185156
