0.0 0.984194 0.21683650000000004 0.005615 0.050312
0.0 0.990522 0.25000000000000006 0.006943 0.069375
6.0 0.958408 0.2635930000000001 0.002598 0.114062
6.0 0.96127 0.265351 0.002578 0.113437
0.0 0.506665 0.37269550000000007 0.00583 0.067969
7.0 0.398257 0.3259960000000001 0.004346 0.058828
7.0 0.309966 0.29834050000000006 0.00749 0.112734
6.0 0.529468 0.38283250000000013 0.003525 0.081641
6.0 0.303867 0.6657805 0.010937 0.398281
6.0 0.786235 0.7461715000000001 0.012979 0.324219
6.0 0.682646 0.66373 0.011426 0.435547
6.0 0.742349 0.7127155000000001 0.012334 0.383047
6.0 0.792217 0.6680080000000002 0.009902 0.437188
0.0 0.380903 0.35593750000000013 0.014814 0.077188
6.0 0.383652 0.4700785000000001 0.005371 0.191719
7.0 0.446211 0.421855 0.008848 0.110078
6.0 0.316089 0.2983990000000001 0.004131 0.097969
0.0 0.545317 0.6340825000000001 0.027295 0.245234
0.0 0.513486 0.7234375000000002 0.043145 0.36875
6.0 0.536743 0.37837900000000013 0.002939 0.103828
