0.0 0.661787 0.5783590000000002 0.024687 0.203906
7.0 0.230527 0.6383005 0.019805 0.482266
6.0 0.671665 0.7011715000000001 0.009736 0.398438
6.0 0.767798 0.4087885000000001 0.004092 0.119375
0.0 0.012051 0.664141 0.023359 0.445937
2.0 0.037603 0.2901955 0.010635 0.094687
0.0 0.037261 0.4775200000000001 0.017822 0.165391
6.0 0.176406 0.35429650000000007 0.002988 0.075
0.0 0.048745 0.6503125000000001 0.025713 0.327812
0.0 0.090127 0.6202540000000002 0.07834 0.506328
0.0 0.56335 0.7588869999999999 0.054844 0.314922
7.0 0.68498 0.6326755000000002 0.015684 0.489766
4.0 0.685054 0.9004495 0.02458 0.124922
7.0 0.631714 0.6647845 0.015186 0.427734
6.0 0.77021 0.40527400000000013 0.00292 0.109531
