7.0 0.520195 0.429766 0.003457 0.142969
6.0 0.516074 0.4237300000000001 0.003184 0.107109
0.0 0.456567 0.7188085000000001 0.036025 0.359922
0.0 0.479746 0.5708005000000002 0.019082 0.196484
0.0 0.483975 0.464746 0.014668 0.189453
6.0 0.33312 0.6337885 0.010869 0.415312
6.0 0.348823 0.6163285000000001 0.01042 0.330625
0.0 0.017451 0.3764455 0.010937 0.09375
0.0 0.025278 0.40252000000000004 0.01292 0.141953
0.0 0.040151 0.5410945 0.019111 0.172813
0.0 0.080952 0.6250000000000001 0.067783 0.489531
0.0 0.332129 0.6958990000000002 0.161719 0.405469
6.0 0.216943 0.663379 0.01084 0.440703
6.0 0.219814 0.6669535000000001 0.013633 0.440312
