0.0 0.986235 0.30132850000000005 0.010771 0.108281
0.0 0.470479 0.5252155000000001 0.018418 0.163203
0.0 0.488242 0.3906835000000001 0.006387 0.057891
2.0 0.014634 0.18513700000000002 0.006709 0.095234
2.0 0.024106 0.22193350000000006 0.011963 0.145391
0.0 0.015273 0.3024415000000001 0.007285 0.072422
0.0 0.008633 0.2532220000000001 0.00584 0.036172
0.0 0.008828 0.6215425000000001 0.017656 0.298359
0.0 0.994336 0.5720905000000001 0.011328 0.299297
0.0 0.030679 0.45742150000000004 0.01876 0.140313
0.0 0.58353 0.7096675 0.072725 0.377422
0.0 0.50481 0.7508005 0.039795 0.332266
0.0 0.505825 0.4471675000000001 0.018643 0.104766
0.0 0.089717 0.7679695000000001 0.061562 0.309375
7.0 0.58168 0.281641 0.004102 0.092031
0.0 0.967705 0.4660930000000001 0.02666 0.323437
0.0 0.515249 0.31585900000000006 0.00583 0.06375
0.0 0.522373 0.38511700000000004 0.010391 0.157188
0.0 0.400254 0.8245705 0.065898 0.233281
