6.0 0.069048 0.3149800000000001 0.004053 0.095078
7.0 0.968218 0.3563470000000001 0.005166 0.145703
0.0 0.493765 0.7855464999999999 0.032607 0.272813
0.0 0.503027 0.6680665000000001 0.028711 0.190234
0.0 0.531216 0.461758 0.027861 0.197969
0.0 0.576128 0.5120905 0.018838 0.124453
0.0 0.613687 0.4900000000000001 0.020264 0.110313
0.0 0.640718 0.4799800000000001 0.016592 0.107891
0.0 0.122725 0.4084375 0.02252 0.124531
0.0 0.061392 0.33625000000000005 0.009014 0.085938
0.0 0.126968 0.38886700000000013 0.0221 0.133594
7.0 0.002612 0.4923445000000001 0.005225 0.231094
6.0 0.057432 0.32769550000000003 0.005039 0.117031
7.0 0.269512 0.3209575000000001 0.005 0.068516
7.0 0.394561 0.2905465000000001 0.00627 0.099219
6.0 0.507734 0.46709050000000013 0.00498 0.110078
6.0 0.514849 0.46093750000000006 0.005283 0.108594
