0.0 0.996699 0.31310500000000013 0.005352 0.099766
6.0 0.961138 0.2600785000000001 0.002588 0.1025
0.0 0.526216 0.393379 0.016982 0.111953
7.0 0.456211 0.356113 0.004551 0.058828
7.0 0.447842 0.3906835000000001 0.006035 0.101641
6.0 0.537329 0.385996 0.003525 0.081641
6.0 0.211436 0.639355 0.012578 0.407734
6.0 0.656919 0.7455865 0.010928 0.332344
6.0 0.614551 0.6420505000000001 0.009766 0.378203
6.0 0.645386 0.673633 0.011025 0.371406
6.0 0.671914 0.6759760000000001 0.009902 0.432031
0.0 0.383638 0.35570350000000006 0.014814 0.077187
0.0 0.001709 0.3066010000000001 0.003418 0.089531
6.0 0.343838 0.4282420000000001 0.005371 0.191719
7.0 0.441943 0.42871150000000013 0.008848 0.110156
6.0 0.335903 0.3199615000000001 0.004131 0.097969
0.0 0.043545 0.5791210000000001 0.040254 0.328359
0.0 0.861499 0.8747259999999999 0.10083 0.160156
0.0 0.513486 0.7234375000000002 0.043145 0.36875
6.0 0.53478 0.38248 0.002939 0.103828
