6.0 0.082607 0.3673630000000001 0.005625 0.104922
0.0 0.493579 0.8030665000000001 0.036279 0.260703
0.0 0.500347 0.6258790000000001 0.028213 0.189297
0.0 0.555728 0.4430665000000001 0.024951 0.174297
0.0 0.589731 0.5048830000000001 0.020107 0.100937
0.0 0.617017 0.485254 0.018115 0.094297
0.0 0.638989 0.480157 0.015713 0.099219
0.0 0.041992 0.380899 0.00916 0.065156
0.0 0.060762 0.33625000000000005 0.009023 0.085938
0.0 0.128071 0.39502000000000004 0.022607 0.131953
7.0 0.031548 0.402403 0.007197 0.113516
6.0 0.079102 0.3678325000000001 0.005645 0.127266
7.0 0.323608 0.28943350000000007 0.006221 0.113047
7.0 0.458198 0.4546090000000001 0.007061 0.1725
6.0 0.486636 0.45917950000000013 0.004971 0.102969
6.0 0.490342 0.4502155 0.004102 0.100391
