0.0 0.956538 0.7123045000000001 0.040244 0.383594
0.0 0.68272 0.5177740000000001 0.012686 0.152344
6.0 0.392754 0.3862300000000001 0.006953 0.130391
4.0 0.391973 0.5633590000000002 0.006211 0.115469
6.0 0.85479 0.6857035 0.014424 0.419063
6.0 0.841597 0.6989455000000001 0.010439 0.401406
0.0 0.985176 0.6083005000000001 0.019863 0.353828
6.0 0.729033 0.45138700000000004 0.004023 0.140391
0.0 0.63582 0.7314655 0.041953 0.343984
7.0 0.789375 0.6358405 0.01709 0.485547
4.0 0.789165 0.8954095 0.020283 0.139453
7.0 0.764678 0.6776755 0.026055 0.429766
6.0 0.735591 0.468262 0.004443 0.136172
