7.0 0.076655 0.39906250000000004 0.006533 0.2025
1.0 0.609106 0.34984300000000007 0.021885 0.137656
0.0 0.533257 0.34515700000000005 0.011025 0.068438
0.0 0.986865 0.37117150000000004 0.023066 0.186719
0.0 0.109629 0.6963670000000001 0.071172 0.404844
0.0 0.379766 0.6779095 0.052129 0.418984
0.0 0.404312 0.5354095000000001 0.021826 0.181172
0.0 0.418247 0.42396550000000005 0.015518 0.147734
6.0 0.801841 0.6875785 0.020908 0.416562
6.0 0.628203 0.4312300000000001 0.006934 0.231953
0.0 0.002412 0.4082035000000001 0.004824 0.15375
0.0 0.031523 0.4257220000000001 0.015195 0.110391
0.0 0.928501 0.720508 0.067002 0.372656
6.0 0.957598 0.35939500000000013 0.006582 0.169453
0.0 0.960562 0.712129 0.031475 0.383828
7.0 0.968735 0.5041795 0.008721 0.237031
0.0 0.989565 0.45589900000000005 0.020869 0.222344
0.0 0.440801 0.38306650000000003 0.016504 0.295547
0.0 0.455254 0.3779095000000001 0.013223 0.079297
0.0 0.453433 0.363028 0.012021 0.076953
