0.0 0.020498 0.6708790000000001 0.03875 0.438828
2.0 0.067627 0.3683590000000001 0.021094 0.25125
0.0 0.077334 0.7285345 0.041934 0.361953
0.0 0.160059 0.7994334999999999 0.109961 0.267422
6.0 0.208896 0.38283250000000013 0.003652 0.101484
0.0 0.389351 0.8093364999999999 0.078213 0.254219
0.0 0.450552 0.6744535000000002 0.045283 0.434063
0.0 0.502202 0.7427740000000002 0.03624 0.342969
7.0 0.556211 0.5273830000000002 0.006445 0.250469
4.0 0.556719 0.5959375 0.014004 0.129844
7.0 0.543428 0.4697845 0.005762 0.157891
6.0 0.687617 0.440371 0.003125 0.086953
