0.0 0.506406 0.531718 0.013047 0.149688
0.0 0.008228 0.4935160000000001 0.016455 0.268594
0.0 0.038032 0.5345905000000001 0.024229 0.270547
0.0 0.246968 0.5404495000000001 0.012705 0.137734
0.0 0.30394 0.6643165000000001 0.024053 0.191172
0.0 0.279692 0.4615825000000001 0.011846 0.120078
0.0 0.273687 0.3408205000000001 0.012295 0.068906
0.0 0.339351 0.9183205 0.07792 0.108906
0.0 0.481543 0.5570305 0.014258 0.168594
0.0 0.313862 0.5345905000000001 0.02751 0.215547
0.0 0.6675 0.3866995000000001 0.014414 0.128984
0.0 0.709229 0.46363300000000013 0.015371 0.208906
