0.0 0.479482 0.4546090000000001 0.016348 0.121719
0.0 0.010356 0.2579095 0.007178 0.074922
0.0 0.507124 0.5246875000000001 0.024014 0.214063
0.0 0.507485 0.7574215000000002 0.042646 0.31125
0.0 0.399492 0.40058650000000007 0.015059 0.092656
2.0 0.018076 0.19345750000000006 0.011289 0.126172
0.0 0.019971 0.30625 0.014785 0.150781
1.0 0.224072 0.24730450000000004 0.331934 0.996406
0.0 0.01502 0.6868750000000001 0.030039 0.414531
6.0 0.5077 0.3064840000000001 0.003408 0.086562
6.0 0.512759 0.3081835 0.004014 0.088203
2.0 0.012842 0.19914100000000004 0.01123 0.148281
