6.0 0.979854 0.2830465000000001 0.003535 0.078438
0.0 0.011875 0.30290950000000005 0.007168 0.083984
0.0 0.024819 0.331621 0.01749 0.248359
0.0 0.221338 0.8140825000000002 0.104785 0.247891
0.0 0.467266 0.6476755000000002 0.021406 0.220547
0.0 0.480649 0.48232450000000004 0.01124 0.124766
0.0 0.005762 0.4846090000000001 0.011523 0.22
7.0 0.071914 0.40908250000000007 0.005566 0.138672
4.0 0.071191 0.47558650000000013 0.004492 0.078906
2.0 0.633286 0.246484 0.135967 0.995313
0.0 0.512822 0.4940425000000001 0.010254 0.136484
