0.0 0.484346 0.412891 0.009531 0.079531
2.0 0.019453 0.20412100000000002 0.007969 0.116797
2.0 0.032568 0.255274 0.01748 0.192969
0.0 0.022422 0.3734575 0.011797 0.103672
0.0 0.013896 0.3066595 0.008086 0.057734
0.0 0.006831 0.5213470000000001 0.013662 0.194453
0.0 0.99604 0.49281250000000004 0.00792 0.235469
0.0 0.083354 0.771367 0.057275 0.301094
0.0 0.926406 0.677149 0.068223 0.429063
0.0 0.50481 0.7508005 0.039795 0.332266
0.0 0.505825 0.4471675000000001 0.018643 0.104766
0.0 0.420635 0.7788085 0.058008 0.292109
7.0 0.594248 0.2141995 0.002695 0.085391
7.0 0.578779 0.36912100000000003 0.005312 0.132578
0.0 0.981328 0.36074200000000006 0.015117 0.169219
0.0 0.517759 0.3663085000000001 0.007783 0.094922
0.0 0.5354 0.4868950000000001 0.020605 0.296641
0.0 0.470366 0.5420305000000002 0.02083 0.198594
