7.0 0.00438 0.372109 0.006357 0.189375
6.0 0.070923 0.34949200000000014 0.004053 0.095156
0.0 0.493716 0.790117 0.033564 0.269687
0.0 0.503027 0.6680665000000001 0.028711 0.190234
0.0 0.545967 0.46732450000000003 0.027637 0.189766
0.0 0.586528 0.4997845 0.01917 0.118359
0.0 0.617954 0.4850200000000001 0.01999 0.108203
0.0 0.640625 0.4815625000000001 0.01625 0.1025
0.0 0.079653 0.39806650000000005 0.020146 0.136016
0.0 0.061392 0.33625000000000005 0.009014 0.085938
0.0 0.126968 0.38886700000000013 0.0221 0.133594
7.0 0.013364 0.4485160000000001 0.008506 0.169844
6.0 0.063442 0.33127000000000006 0.005654 0.127266
7.0 0.283984 0.31621150000000003 0.005 0.068438
7.0 0.403301 0.3218950000000001 0.006504 0.107109
6.0 0.50231 0.46093750000000006 0.004971 0.109063
6.0 0.50855 0.4587115 0.004697 0.105313
