2.0 0.022476 0.21994150000000007 0.008916 0.129922
2.0 0.045273 0.26693350000000005 0.030918 0.235547
0.0 0.03396 0.4581250000000001 0.018857 0.146094
0.0 0.018335 0.3490825 0.009502 0.072109
0.0 0.005762 0.48408250000000014 0.011523 0.160703
0.0 0.996953 0.4505665000000001 0.006094 0.201328
0.0 0.253472 0.9408205000000002 0.059443 0.078906
0.0 0.962207 0.5558590000000001 0.030313 0.342656
0.0 0.50481 0.7508005 0.039795 0.332266
0.0 0.505825 0.4471675000000001 0.018643 0.104766
0.0 0.461597 0.6137500000000001 0.025225 0.236563
7.0 0.585474 0.2538085 0.004307 0.093516
7.0 0.596172 0.378907 0.005898 0.171875
0.0 0.98457 0.33765700000000004 0.011973 0.132031
0.0 0.521206 0.40427800000000014 0.009424 0.123672
0.0 0.559326 0.619258 0.046836 0.46375
0.0 0.477988 0.4600585000000001 0.01332 0.125078
