6.0 0.069048 0.3149800000000001 0.004053 0.095078
7.0 0.968037 0.6309760000000001 0.013164 0.423281
7.0 0.979194 0.38107450000000004 0.005615 0.147266
7.0 0.972856 0.34673800000000005 0.004619 0.151172
0.0 0.493779 0.7931635000000001 0.032285 0.261719
0.0 0.503027 0.6680665000000001 0.028711 0.190234
0.0 0.501216 0.4798045 0.027373 0.237969
0.0 0.54106 0.5117965000000001 0.019561 0.10875
0.0 0.590522 0.5066995000000001 0.020264 0.110234
0.0 0.632759 0.4834960000000001 0.0171 0.115859
0.0 0.185786 0.368008 0.014443 0.101406
0.0 0.061392 0.33625000000000005 0.009014 0.085938
0.0 0.126968 0.38886700000000013 0.0221 0.133594
6.0 0.054741 0.31035100000000004 0.004053 0.099531
7.0 0.25209 0.33115300000000003 0.005 0.068516
7.0 0.384102 0.25093750000000004 0.005781 0.08375
6.0 0.515874 0.4762885 0.004971 0.111563
6.0 0.522866 0.4665625000000001 0.005283 0.108594
