0.0 0.954893 0.3894535 0.017207 0.165625
0.0 0.673921 0.7875384999999999 0.08165 0.283281
0.0 0.577646 0.6455665000000002 0.062285 0.472578
0.0 0.52208 0.417871 0.012793 0.131328
0.0 0.532695 0.3648445000000001 0.009727 0.092187
0.0 0.019375 0.3323245000000001 0.009824 0.096484
0.0 0.038691 0.5048245000000001 0.022031 0.200859
0.0 0.254336 0.9415239999999999 0.067695 0.077969
0.0 0.012695 0.7203910000000001 0.025391 0.372812
0.0 0.991602 0.6988285000000001 0.016797 0.401563
0.0 0.004976 0.2212885 0.003135 0.027344
0.0 0.50481 0.7508005 0.039795 0.332266
0.0 0.505825 0.4471675000000001 0.018643 0.104766
0.0 0.008584 0.240742 0.003047 0.032656
0.0 0.514873 0.3155080000000001 0.005937 0.079688
0.0 0.012192 0.274258 0.005986 0.0575
