0.0 0.461836 0.7351570000000001 0.02959 0.2875
0.0 0.161416 0.475645 0.01791 0.096016
6.0 0.237812 0.500137 0.006152 0.155078
6.0 0.325454 0.4017580000000001 0.007217 0.169844
6.0 0.333955 0.3813670000000001 0.006582 0.173281
6.0 0.447129 0.5492965000000001 0.004082 0.132812
6.0 0.462427 0.48841750000000006 0.004932 0.112422
6.0 0.046851 0.4416010000000001 0.005029 0.144531
6.0 0.042837 0.4220905000000001 0.003701 0.158984
6.0 0.038716 0.419863 0.005049 0.142266
6.0 0.068281 0.42109300000000005 0.004844 0.171875
