0.0 0.044336 0.6983005000000001 0.04332 0.402266
0.0 0.107764 0.44447200000000003 0.022793 0.155078
0.0 0.143833 0.36220750000000007 0.020459 0.138203
6.0 0.372456 0.4441795000000001 0.003467 0.135
0.0 0.394653 0.7493365000000002 0.040518 0.334219
0.0 0.44791 0.6870505000000001 0.027461 0.293672
0.0 0.444385 0.4553125 0.00959 0.075781
0.0 0.429614 0.41031250000000014 0.009443 0.0675
2.0 0.967729 0.2739655000000001 0.016045 0.179609
0.0 0.946968 0.3869335 0.013467 0.134297
6.0 0.827749 0.44289100000000003 0.007139 0.151406
6.0 0.820625 0.4428325 0.007852 0.169141
6.0 0.807075 0.4850200000000001 0.007295 0.287734
4.0 0.559819 0.576895 0.014873 0.154453
4.0 0.548862 0.5706835000000001 0.015088 0.126016
4.0 0.533784 0.5494135000000001 0.012197 0.112656
