0.0 0.466895 0.3143950000000001 0.016191 0.105391
0.0 0.444497 0.410488 0.023193 0.140859
0.0 0.409229 0.3805465 0.01 0.087813
0.0 0.510762 0.27343750000000006 0.012461 0.074844
6.0 0.270269 0.7387300000000001 0.006768 0.286953
0.0 0.501401 0.7954494999999999 0.058857 0.272734
0.0 0.480674 0.633262 0.025039 0.265234
0.0 0.379048 0.411484 0.013818 0.098125
0.0 0.016772 0.7007620000000001 0.033545 0.398984
6.0 0.224214 0.4810345000000001 0.002217 0.076016
6.0 0.2327 0.4846090000000001 0.001963 0.069531
0.0 0.423032 0.34990300000000013 0.016553 0.118047
6.0 0.113491 0.3303910000000001 0.002354 0.064844
0.0 0.988726 0.7003510000000001 0.022549 0.399531
