6.0 0.399399 0.7079095000000001 0.014639 0.360078
7.0 0.598677 0.41699200000000003 0.00999 0.203437
6.0 0.577163 0.5709175000000002 0.013369 0.356016
0.0 0.005635 0.4033405 0.01127 0.211953
0.0 0.008086 0.363028 0.01166 0.133047
0.0 0.449609 0.5592580000000001 0.025742 0.244531
0.0 0.875879 0.678262 0.12752 0.428984
6.0 0.853345 0.48976600000000003 0.015303 0.566875
0.0 0.971221 0.462754 0.027422 0.263203
7.0 0.98626 0.3204880000000001 0.007363 0.135859
0.0 0.996255 0.3659575 0.00749 0.218359
0.0 0.458853 0.3795505 0.015068 0.159766
0.0 0.492295 0.3982420000000001 0.013223 0.079375
0.0 0.473853 0.40117150000000007 0.012021 0.077031
