0.0 0.986621 0.23300800000000002 0.006055 0.058594
0.0 0.996377 0.2961715 0.004355 0.081406
6.0 0.959292 0.26242150000000003 0.002588 0.110313
6.0 0.962256 0.26242150000000003 0.002578 0.108906
0.0 0.510693 0.3784375 0.007129 0.083281
7.0 0.41541 0.3345505 0.003555 0.058828
7.0 0.351851 0.32605450000000014 0.005635 0.107187
6.0 0.53105 0.3817780000000001 0.003525 0.081641
6.0 0.274512 0.675157 0.010937 0.410781
6.0 0.740132 0.754375 0.012686 0.325313
6.0 0.654375 0.6418165 0.01125 0.435703
6.0 0.705005 0.710605 0.012334 0.385859
6.0 0.750078 0.6808990000000001 0.009902 0.422969
0.0 0.381177 0.35324200000000006 0.014814 0.077187
6.0 0.370742 0.45648400000000006 0.005371 0.191719
7.0 0.446211 0.421855 0.008848 0.110078
6.0 0.320698 0.3040240000000001 0.004131 0.097969
0.0 0.001465 0.3173830000000001 0.00293 0.066406
0.0 0.556924 0.718105 0.037773 0.286016
0.0 0.513486 0.7234375000000002 0.043145 0.36875
6.0 0.536743 0.37837900000000013 0.002939 0.103828
