0.0 0.01853 0.34128850000000005 0.011475 0.117031
0.0 0.507354 0.5351755 0.025117 0.227891
0.0 0.50812 0.7574215000000002 0.042646 0.31125
0.0 0.399902 0.39267550000000007 0.013965 0.086484
2.0 0.025547 0.23453200000000005 0.020078 0.196563
0.0 0.060137 0.5833405 0.046914 0.449297
1.0 0.471084 0.3111715 0.034766 0.481094
0.0 0.015352 0.6885160000000001 0.030703 0.414531
6.0 0.512559 0.309121 0.003906 0.086641
6.0 0.521489 0.30906250000000013 0.004346 0.090469
2.0 0.013916 0.20623000000000005 0.012617 0.148359
