0.0 0.991509 0.258847 0.007373 0.087109
6.0 0.960176 0.2613085 0.002598 0.106641
6.0 0.963252 0.25943350000000004 0.002578 0.104297
0.0 0.515054 0.384883 0.010771 0.097812
7.0 0.43416 0.3438085000000001 0.004551 0.058828
7.0 0.397319 0.3662500000000001 0.005908 0.097656
6.0 0.533413 0.3822460000000001 0.003525 0.081641
6.0 0.244282 0.6591595000000001 0.011689 0.409922
6.0 0.696924 0.7469335 0.011855 0.328672
6.0 0.634556 0.6449800000000001 0.010537 0.408047
6.0 0.672671 0.7084960000000001 0.012334 0.388672
6.0 0.709219 0.6895705 0.009902 0.413906
0.0 0.38146 0.3504295000000001 0.014814 0.077188
6.0 0.357822 0.44289100000000003 0.005371 0.191719
7.0 0.446846 0.43345750000000005 0.008848 0.110078
6.0 0.326968 0.3166795 0.004131 0.097969
0.0 0.012793 0.3868165000000001 0.017031 0.189609
0.0 0.59895 0.811093 0.076709 0.222344
0.0 0.513486 0.7234375000000002 0.043145 0.36875
6.0 0.536196 0.3795505 0.002939 0.103828
