6.0 0.417627 0.6291010000000001 0.008105 0.300781
6.0 0.429282 0.5480665 0.007256 0.191641
7.0 0.195654 0.553516 0.00791 0.295312
5.0 0.714009 0.34714900000000004 0.009092 0.231406
5.0 0.708184 0.3668365000000001 0.010371 0.23375
0.0 0.712148 0.14927800000000005 0.013672 0.153047
4.0 0.676221 0.390391 0.01291 0.234844
5.0 0.692217 0.3015040000000001 0.011855 0.225078
6.0 0.659272 0.5599615 0.024619 0.586719
7.0 0.187627 0.5573830000000002 0.00873 0.31
6.0 0.513667 0.4795705000000001 0.005693 0.157656
6.0 0.523364 0.4366795000000001 0.005811 0.133906
4.0 0.190698 0.6676570000000001 0.024268 0.196094
