6.0 0.367578 0.7034575000000002 0.010742 0.395391
6.0 0.387305 0.6960160000000002 0.012109 0.275625
6.0 0.392295 0.6816010000000001 0.012227 0.277344
6.0 0.410137 0.6174415000000001 0.009648 0.241172
7.0 0.147192 0.5071675 0.0079 0.253516
5.0 0.787505 0.3250585 0.012588 0.252266
0.0 0.750273 0.12103449999999999 0.012559 0.147422
4.0 0.765181 0.37492150000000013 0.00874 0.269062
4.0 0.726216 0.28140550000000003 0.009912 0.260937
6.0 0.851953 0.5376955000000001 0.020508 0.616406
7.0 0.139653 0.5125585 0.006436 0.257734
6.0 0.520049 0.5098630000000001 0.007402 0.231641
6.0 0.531323 0.4755280000000001 0.007588 0.145078
4.0 0.144766 0.5851555 0.020137 0.145469
