0.0 0.020576 0.7075585 0.040566 0.389922
6.0 0.204497 0.6385930000000001 0.006338 0.289844
7.0 0.143027 0.49960900000000014 0.007109 0.160937
0.0 0.168818 0.3259375000000001 0.012871 0.075625
4.0 0.142402 0.690625 0.010469 0.171406
0.0 0.074502 0.36320350000000007 0.012422 0.066094
0.0 0.077036 0.394903 0.015518 0.076016
0.0 0.020391 0.351016 0.010391 0.097656
0.0 0.027295 0.4520905000000001 0.014004 0.137578
0.0 0.054316 0.4096675000000001 0.011953 0.090234
0.0 0.448823 0.6650785000000001 0.024404 0.241875
2.0 0.758022 0.24707050000000005 0.385225 0.996094
0.0 0.505166 0.6889840000000002 0.03168 0.290625
