0.0 0.020889 0.6541210000000002 0.031602 0.416016
0.0 0.039492 0.43240300000000004 0.017188 0.141797
2.0 0.069644 0.4168165 0.024834 0.317266
0.0 0.082764 0.7389655 0.0475 0.348047
0.0 0.18748 0.826093 0.114531 0.231875
6.0 0.204741 0.390976 0.003994 0.120625
0.0 0.403931 0.7889455000000001 0.07292 0.281406
0.0 0.455356 0.6722845000000001 0.037959 0.436953
0.0 0.498252 0.7407220000000001 0.041523 0.345703
7.0 0.552505 0.5115040000000002 0.006143 0.232422
4.0 0.55373 0.5927740000000001 0.013633 0.11375
7.0 0.540249 0.4825585000000001 0.005205 0.186953
6.0 0.683105 0.4546675000000001 0.00291 0.096484
