0.0 0.511899 0.263242 0.014053 0.091094
6.0 0.265996 0.797149 0.008672 0.184688
0.0 0.501401 0.7954494999999999 0.058857 0.272734
0.0 0.480674 0.633262 0.025039 0.265234
0.0 0.372388 0.4101370000000001 0.017334 0.099297
0.0 0.439058 0.359101 0.014873 0.0975
0.0 0.016611 0.7007620000000001 0.033223 0.398984
6.0 0.228125 0.48238300000000006 0.002266 0.076562
6.0 0.236597 0.484258 0.001963 0.069531
0.0 0.481323 0.2895505000000001 0.015576 0.106641
6.0 0.115308 0.3303910000000001 0.002354 0.064844
0.0 0.988726 0.7003510000000001 0.022549 0.399531
