0.0 0.970479 0.4267180000000001 0.019824 0.240938
0.0 0.803564 0.7726554999999999 0.124512 0.303125
0.0 0.739409 0.7206835 0.089951 0.372422
0.0 0.054985 0.6151555000000001 0.029873 0.264687
0.0 0.406802 0.8180665000000001 0.061807 0.237734
0.0 0.475527 0.48707050000000013 0.015781 0.137031
2.0 0.006084 0.1755865 0.004688 0.051719
2.0 0.010693 0.181855 0.005 0.077109
0.0 0.006021 0.221992 0.003428 0.032188
0.0 0.001748 0.2132035 0.003184 0.025938
0.0 0.012695 0.7203910000000001 0.025391 0.372812
0.0 0.991602 0.6988285000000001 0.016797 0.401563
0.0 0.010874 0.2617180000000001 0.005303 0.045156
0.0 0.516377 0.33619150000000003 0.006426 0.073203
0.0 0.50481 0.7508005 0.039795 0.332266
0.0 0.505825 0.4471675000000001 0.018643 0.104766
0.0 0.01604 0.31152400000000013 0.008193 0.077656
0.0 0.524463 0.4142965000000001 0.014551 0.193438
0.0 0.023989 0.37709050000000005 0.011533 0.122891
