0.0 0.988027 0.3284575000000001 0.01707 0.186484
6.0 0.487261 0.680722 0.018584 0.425703
7.0 0.616074 0.25627 0.006504 0.138359
6.0 0.591963 0.409903 0.008672 0.256641
0.0 0.0054 0.4189255 0.010801 0.151484
0.0 0.440635 0.6314455000000001 0.036191 0.299531
0.0 0.789253 0.7334575 0.145791 0.355391
6.0 0.917197 0.3751570000000001 0.01166 0.381719
0.0 0.912969 0.693028 0.082578 0.407266
7.0 0.953774 0.5211715 0.012451 0.354688
0.0 0.989663 0.43996150000000006 0.020674 0.317031
0.0 0.458853 0.3965425 0.015068 0.184297
0.0 0.470249 0.420274 0.013232 0.079375
0.0 0.472466 0.4283005 0.012021 0.076953
