6.0 0.057734 0.3829495 0.007187 0.180547
6.0 0.073535 0.4346290000000001 0.007617 0.269453
6.0 0.951978 0.44599600000000006 0.011611 0.329766
6.0 0.865327 0.507109 0.013096 0.486875
6.0 0.514932 0.43404250000000005 0.006133 0.153047
6.0 0.079873 0.49175800000000003 0.007441 0.233906
6.0 0.09209 0.5027155000000001 0.007539 0.288047
6.0 0.086787 0.4760545000000001 0.00793 0.232969
6.0 0.107051 0.5395705000000001 0.008789 0.270156
6.0 0.116304 0.568399 0.006396 0.245313
6.0 0.146895 0.6351370000000002 0.009219 0.380234
6.0 0.129443 0.607363 0.011719 0.404453
6.0 0.15583 0.6276955000000002 0.010352 0.379687
6.0 0.172949 0.6337885 0.009551 0.394531
6.0 0.184712 0.6844720000000001 0.012197 0.420703
6.0 0.203809 0.7428910000000002 0.011445 0.338125
6.0 0.227783 0.7720119999999999 0.010957 0.303984
6.0 0.215146 0.715117 0.010566 0.365469
6.0 0.255034 0.7655664999999999 0.010615 0.312578
6.0 0.272539 0.7505664999999999 0.012539 0.324609
6.0 0.914746 0.5376955000000001 0.018555 0.616406
6.0 0.897524 0.5033005 0.016572 0.660391
6.0 0.883896 0.4995505000000001 0.017715 0.667266
6.0 0.878057 0.6098245 0.022148 0.520234
6.0 0.813311 0.5575 0.024219 0.586562
6.0 0.82394 0.5558005000000001 0.034111 0.592266
6.0 0.683193 0.6833005000000001 0.020898 0.422266
6.0 0.758613 0.5811130000000001 0.025703 0.558516
6.0 0.735771 0.5575 0.025254 0.59
6.0 0.652637 0.7075585 0.016602 0.389922
6.0 0.651196 0.646387 0.025693 0.467266
6.0 0.590684 0.5855665000000001 0.015117 0.552578
6.0 0.6223 0.6834175000000001 0.020049 0.422109
6.0 0.607246 0.6015625000000001 0.013359 0.53125
6.0 0.573032 0.6078325 0.013701 0.522891
6.0 0.561206 0.5585545000000001 0.009326 0.253437
6.0 0.556738 0.5422075000000001 0.010391 0.256953
6.0 0.550273 0.49123 0.006523 0.278672
6.0 0.300537 0.6714655000000002 0.009727 0.438047
6.0 0.363999 0.6509575000000001 0.010459 0.390234
6.0 0.31168 0.7196290000000001 0.01082 0.373828
6.0 0.322417 0.6935545000000002 0.011182 0.408594
6.0 0.308564 0.6879880000000002 0.007344 0.406172
6.0 0.330381 0.6624415000000001 0.009727 0.443359
6.0 0.33832 0.7184575000000002 0.010781 0.375391
6.0 0.346045 0.6886915 0.00752 0.415078
6.0 0.969468 0.3296875 0.00415 0.149375
