6.0 0.437075 0.5718550000000001 0.006904 0.223359
6.0 0.443696 0.49480450000000004 0.005732 0.166875
7.0 0.251123 0.6177340000000001 0.009102 0.318594
5.0 0.660034 0.3702925000000001 0.00708 0.209922
5.0 0.654492 0.3690625 0.006152 0.194375
0.0 0.681055 0.16486300000000007 0.01543 0.161953
4.0 0.62562 0.36214900000000005 0.013525 0.211406
4.0 0.610171 0.3014455000000001 0.010947 0.172969
5.0 0.646694 0.301621 0.008057 0.192109
0.0 0.008628 0.323653 0.006729 0.059609
6.0 0.577212 0.6056050000000001 0.016553 0.524922
7.0 0.242603 0.62248 0.006924 0.337109
6.0 0.509229 0.422851 0.00498 0.116406
6.0 0.518911 0.41259700000000005 0.005342 0.122578
4.0 0.242358 0.719512 0.026377 0.216016
