4.0 0.543379 0.4962115 0.010234 0.08875
0.0 0.045884 0.7090825000000001 0.042959 0.387891
0.0 0.112632 0.5486530000000001 0.023545 0.158359
0.0 0.15104 0.4367965 0.020654 0.14125
6.0 0.387598 0.47142550000000005 0.00332 0.143828
0.0 0.392012 0.7697260000000001 0.054902 0.307031
0.0 0.461372 0.6811915000000001 0.023975 0.288047
0.0 0.466899 0.4446490000000001 0.009971 0.081719
0.0 0.454292 0.41910100000000006 0.009443 0.0675
2.0 0.995454 0.3350785 0.009092 0.167812
0.0 0.978579 0.3858205000000001 0.010381 0.104844
6.0 0.872378 0.3817780000000001 0.007529 0.144766
6.0 0.866465 0.39367150000000006 0.006133 0.156563
6.0 0.858574 0.428887 0.007285 0.256172
4.0 0.600005 0.5306635000000001 0.015322 0.1825
4.0 0.583804 0.5235745 0.014756 0.136797
4.0 0.566548 0.513028 0.014521 0.131797
