0.0 0.661162 0.3201955 0.016348 0.137344
6.0 0.640908 0.3159175000000001 0.004551 0.143828
7.0 0.290376 0.6958405000000001 0.012803 0.388203
0.0 0.407734 0.43275400000000014 0.021348 0.115391
7.0 0.169282 0.541504 0.008506 0.237891
6.0 0.18791 0.5461915 0.00584 0.224766
6.0 0.175874 0.6974800000000001 0.008721 0.399141
6.0 0.183037 0.7113670000000001 0.007695 0.384844
6.0 0.201064 0.6418165 0.00918 0.401172
6.0 0.279541 0.5772460000000001 0.009707 0.365859
0.0 0.428169 0.33121150000000005 0.018174 0.089844
0.0 0.425654 0.34029250000000005 0.018125 0.075234
0.0 0.407202 0.43275400000000014 0.022705 0.126328
