0.0 0.472251 0.467734 0.011201 0.103125
0.0 0.033853 0.3254680000000001 0.007842 0.069375
0.0 0.043438 0.3642580000000001 0.010508 0.1
0.0 0.07874 0.5151370000000001 0.023535 0.175391
0.0 0.211611 0.470254 0.025234 0.144609
2.0 0.326416 0.5451955 0.160254 0.606406
2.0 0.399165 0.44148400000000004 0.09915 0.453125
6.0 0.15146 0.5341795 0.005322 0.206875
6.0 0.155806 0.5313085000000001 0.005381 0.200703
0.0 0.148496 0.3694135000000001 0.012773 0.098594
0.0 0.222266 0.4426555000000001 0.023398 0.144062
0.0 0.459355 0.47816350000000013 0.010859 0.10625
0.0 0.437295 0.6210160000000001 0.025801 0.219688
0.0 0.164761 0.7046290000000001 0.062334 0.393828
6.0 0.285342 0.5606635000000001 0.005645 0.256406
6.0 0.560015 0.414355 0.004502 0.119297
0.0 0.007075 0.49486300000000005 0.01415 0.172578
0.0 0.507422 0.5644135000000001 0.016094 0.157656
