7.0 0.40813 0.5179495000000002 0.006494 0.212734
4.0 0.407964 0.6050200000000001 0.008604 0.119922
6.0 0.463979 0.4413085 0.003936 0.114297
4.0 0.806904 0.5561530000000001 0.009609 0.215234
0.0 0.015518 0.6915040000000001 0.031035 0.411328
0.0 0.042158 0.3625 0.016055 0.09625
6.0 0.218652 0.6869920000000002 0.011035 0.378281
0.0 0.036211 0.5552155000000001 0.028633 0.275859
0.0 0.508735 0.738028 0.031904 0.349297
0.0 0.521533 0.4191595000000001 0.010117 0.082578
0.0 0.508086 0.4366795000000001 0.013047 0.097656
6.0 0.966216 0.3194920000000001 0.003721 0.12125
4.0 0.888755 0.4583005 0.019834 0.176484
4.0 0.878403 0.4816795 0.015127 0.158125
4.0 0.848198 0.5124415000000001 0.011729 0.161953
