6.0 0.117095 0.4999030000000001 0.008916 0.292734
6.0 0.558193 0.6559375000000001 0.010098 0.34
6.0 0.548354 0.5743165000000001 0.00708 0.240859
6.0 0.568276 0.5621290000000001 0.006494 0.264453
6.0 0.57356 0.570625 0.006553 0.2975
0.0 0.448394 0.4257220000000001 0.021162 0.137109
0.0 0.459941 0.6280465000000001 0.027422 0.311563
6.0 0.290078 0.3564055000000001 0.005371 0.184219
7.0 0.290537 0.327109 0.008848 0.110156
0.0 0.386533 0.36718750000000006 0.015938 0.146406
6.0 0.41395 0.352129 0.004131 0.123672
0.0 0.97793 0.2692195 0.006055 0.056875
0.0 0.513486 0.7234375000000002 0.043145 0.36875
6.0 0.523989 0.3513085000000001 0.002939 0.070703
