0.0 0.491235 0.7849615000000001 0.033076 0.271406
0.0 0.494595 0.5541595 0.024971 0.187578
0.0 0.545083 0.437266 0.024033 0.174375
0.0 0.576489 0.47693350000000007 0.020576 0.092266
0.0 0.602759 0.4710745000000001 0.018115 0.094297
0.0 0.628901 0.46597600000000006 0.015713 0.083594
0.0 0.038599 0.3699415 0.00917 0.065234
0.0 0.057559 0.33923800000000004 0.009023 0.086016
0.0 0.130771 0.40556650000000005 0.025098 0.129297
7.0 0.03063 0.4036915000000001 0.005186 0.092891
6.0 0.089053 0.38851600000000003 0.005645 0.149688
7.0 0.348003 0.285157 0.007236 0.117813
7.0 0.493037 0.4486330000000001 0.00707 0.148906
6.0 0.473359 0.4407220000000001 0.00498 0.101328
6.0 0.477407 0.4305865000000001 0.004111 0.095938
