7.0 0.069082 0.35939500000000013 0.006523 0.178984
0.0 0.981094 0.24507850000000006 0.02252 0.2275
0.0 0.427954 0.730234 0.024951 0.237187
0.0 0.44041 0.569629 0.018184 0.152109
6.0 0.577651 0.6854680000000001 0.019834 0.419375
6.0 0.596851 0.4386715000000001 0.006748 0.223438
0.0 0.004795 0.3250585 0.00959 0.153672
0.0 0.181919 0.814258 0.101982 0.247656
0.0 0.814409 0.7017580000000001 0.142705 0.397656
6.0 0.936758 0.24601600000000004 0.008496 0.274063
0.0 0.924956 0.6316795000000002 0.07667 0.490625
7.0 0.953018 0.464278 0.014453 0.401328
0.0 0.987988 0.38558650000000005 0.024023 0.287031
0.0 0.457354 0.4705465000000001 0.015059 0.191875
0.0 0.467744 0.4902925 0.013223 0.079297
0.0 0.470947 0.45994150000000006 0.012031 0.076953
