0.0 0.045425 0.364024 0.012256 0.099062
0.0 0.075479 0.4600585000000001 0.022969 0.168203
0.0 0.253916 0.7865424999999999 0.07293 0.284609
0.0 0.27752 0.4865425000000001 0.025996 0.142578
2.0 0.437461 0.428476 0.051289 0.285469
2.0 0.431284 0.42953050000000004 0.063154 0.335937
6.0 0.21582 0.6100000000000001 0.006035 0.2525
6.0 0.215884 0.5971090000000001 0.005635 0.245
0.0 0.200205 0.4188085 0.021602 0.117266
0.0 0.277192 0.4294135 0.023389 0.117656
0.0 0.474526 0.4553125 0.013916 0.107187
0.0 0.411782 0.6133405000000001 0.035771 0.312422
6.0 0.371851 0.5304880000000002 0.005264 0.215703
6.0 0.548428 0.3994135 0.003809 0.112656
0.0 0.007485 0.4897075 0.01415 0.166328
0.0 0.508472 0.5654695000000001 0.015752 0.163281
6.0 0.070654 0.353125 0.004102 0.090625
