0.0 0.52687 0.5860345 0.025322 0.200391
7.0 0.466836 0.47617150000000014 0.004297 0.14
4.0 0.46665 0.5421490000000001 0.003574 0.093281
6.0 0.725933 0.3859375 0.004385 0.097187
0.0 0.015845 0.6721090000000002 0.031689 0.437187
2.0 0.054326 0.32125000000000004 0.017168 0.163906
0.0 0.053945 0.584512 0.022617 0.240859
0.0 0.082749 0.7412500000000001 0.057998 0.345
6.0 0.200059 0.39232450000000013 0.003496 0.092578
0.0 0.248403 0.8808205000000001 0.098271 0.158906
0.0 0.409648 0.6814840000000001 0.085566 0.424687
0.0 0.505293 0.7459375 0.034082 0.33875
7.0 0.570996 0.5382220000000001 0.006914 0.278203
4.0 0.571768 0.64375 0.016621 0.139062
7.0 0.555234 0.5317780000000001 0.007793 0.256641
6.0 0.710562 0.414883 0.0029 0.097188
