0.0 0.972998 0.4082620000000001 0.017773 0.225078
0.0 0.872241 0.7488670000000002 0.104248 0.334844
0.0 0.80397 0.7080865000000001 0.082959 0.389219
0.0 0.064268 0.680722 0.035527 0.299141
0.0 0.42147 0.7941595000000001 0.053193 0.272891
0.0 0.477646 0.46937500000000004 0.014082 0.124375
2.0 0.006455 0.1761715 0.004844 0.053906
2.0 0.011167 0.18267550000000002 0.005166 0.079141
0.0 0.006382 0.22457050000000003 0.003545 0.033594
0.0 0.002114 0.2132035 0.003291 0.025938
0.0 0.012695 0.7203910000000001 0.025391 0.372812
0.0 0.991602 0.6988285000000001 0.016797 0.401563
0.0 0.011392 0.2666995 0.005713 0.046172
0.0 0.516953 0.34474600000000005 0.00707 0.079141
0.0 0.50481 0.7508005 0.039795 0.332266
0.0 0.505825 0.4471675000000001 0.018643 0.104766
0.0 0.016982 0.3184375000000001 0.008613 0.081094
0.0 0.526509 0.430762 0.018252 0.209766
0.0 0.025552 0.38915950000000005 0.012295 0.131172
