6.0 0.418892 0.7019335000000001 0.015908 0.385078
7.0 0.597231 0.34035100000000007 0.008506 0.17875
6.0 0.58833 0.5083405000000001 0.010098 0.315547
0.0 0.0046 0.43146550000000006 0.009199 0.211953
0.0 0.0054 0.4059175 0.010801 0.134141
0.0 0.449399 0.579472 0.02415 0.262109
0.0 0.846973 0.6988285000000001 0.140234 0.401563
6.0 0.878696 0.47593750000000007 0.014521 0.528906
0.0 0.953145 0.5836330000000001 0.043398 0.387344
7.0 0.976372 0.3659575 0.00833 0.186953
0.0 0.993701 0.39660100000000004 0.012598 0.259219
0.0 0.458853 0.38412100000000005 0.015068 0.166328
0.0 0.481104 0.39261700000000005 0.013223 0.079375
0.0 0.473481 0.4084375 0.012021 0.077031
