0.0 0.079067 0.38587900000000014 0.01251 0.073203
7.0 0.178726 0.5964655000000001 0.006592 0.272422
4.0 0.176016 0.7166410000000001 0.010566 0.161719
6.0 0.438281 0.49533250000000006 0.004238 0.144297
6.0 0.472246 0.41904250000000004 0.003457 0.093984
6.0 0.465601 0.4400200000000001 0.003662 0.098828
6.0 0.462822 0.45794950000000006 0.003867 0.115078
6.0 0.544546 0.42794950000000004 0.004385 0.144453
6.0 0.540176 0.43375000000000014 0.003828 0.1425
6.0 0.534263 0.417403 0.003877 0.124141
0.0 0.952944 0.7049215000000001 0.046064 0.393437
4.0 0.870645 0.46943350000000006 0.011777 0.149141
0.0 0.018652 0.709024 0.037305 0.387969
0.0 0.004663 0.3592780000000001 0.008916 0.102109
6.0 0.110176 0.5303710000000001 0.005859 0.233203
0.0 0.02187 0.4131835000000001 0.016123 0.125859
0.0 0.509072 0.765274 0.041699 0.312969
0.0 0.520986 0.4358005 0.010117 0.082578
0.0 0.505278 0.48988300000000007 0.016514 0.126719
4.0 0.919106 0.4066795000000001 0.011611 0.120625
4.0 0.912725 0.410899 0.010547 0.110781
4.0 0.897651 0.4264255 0.012998 0.137422
