0.0 0.979478 0.2692195 0.006533 0.0575
0.0 0.956064 0.5385745000000001 0.034473 0.384922
0.0 0.585068 0.7324030000000001 0.077285 0.346328
0.0 0.611191 0.6424615000000001 0.035508 0.318125
0.0 0.039116 0.485254 0.021982 0.181172
0.0 0.293086 0.9310944999999999 0.066113 0.091875
0.0 0.467847 0.5621875000000001 0.019502 0.189375
2.0 0.004971 0.17371150000000005 0.004199 0.045312
2.0 0.009365 0.1791595 0.00459 0.071016
0.0 0.004922 0.21437500000000004 0.003086 0.027969
0.0 0.001563 0.2132035 0.003125 0.025938
0.0 0.012695 0.7203910000000001 0.025391 0.372812
0.0 0.991602 0.6988285000000001 0.016797 0.401563
0.0 0.00937 0.2502340000000001 0.00458 0.041094
0.0 0.514824 0.3160345000000001 0.004375 0.056953
0.0 0.50481 0.7508005 0.039795 0.332266
0.0 0.505825 0.4471675000000001 0.018643 0.104766
0.0 0.013911 0.29136700000000004 0.006943 0.067188
0.0 0.520786 0.38312500000000005 0.012217 0.153438
0.0 0.019995 0.3439255000000001 0.009541 0.098828
