0.0 0.481523 0.43750000000000006 0.011738 0.103125
2.0 0.017192 0.19228450000000005 0.007275 0.106953
2.0 0.02918 0.24191350000000006 0.015273 0.173906
0.0 0.018828 0.34175800000000006 0.009277 0.090625
0.0 0.010562 0.2747845 0.007021 0.046797
0.0 0.007632 0.5568550000000001 0.015264 0.229922
0.0 0.995361 0.524512 0.009277 0.261016
0.0 0.051279 0.6176755000000002 0.029629 0.242578
0.0 0.846528 0.7324615 0.115342 0.356719
0.0 0.50481 0.7508005 0.039795 0.332266
0.0 0.505825 0.4471675000000001 0.018643 0.104766
0.0 0.329829 0.8848045000000001 0.082314 0.153594
7.0 0.57564 0.352129 0.004365 0.116953
0.0 0.977729 0.3949615 0.01792 0.207187
0.0 0.51645 0.348496 0.007432 0.082891
0.0 0.52833 0.4321090000000001 0.014492 0.226406
0.0 0.457734 0.6397660000000001 0.032461 0.295781
