0.0 0.983525 0.6711715 0.032949 0.438438
0.0 0.701646 0.5291410000000001 0.016826 0.163281
6.0 0.820107 0.6909760000000001 0.020488 0.412031
6.0 0.801064 0.7091995000000001 0.014082 0.387734
6.0 0.762217 0.418399 0.004102 0.127812
6.0 0.145098 0.3343750000000001 0.002793 0.068125
0.0 0.035513 0.6289840000000001 0.043623 0.481875
0.0 0.621465 0.7472845000000001 0.054824 0.336953
7.0 0.759956 0.6252925 0.019307 0.499609
4.0 0.755557 0.9140424999999999 0.01793 0.114609
7.0 0.711343 0.6765625000000002 0.023857 0.43125
6.0 0.76645 0.4294135 0.00376 0.121094
