0.0 0.959624 0.3720505 0.014424 0.149453
0.0 0.746372 0.7891795000000001 0.093037 0.281094
0.0 0.601338 0.6455665000000002 0.086777 0.472578
0.0 0.523018 0.430879 0.013184 0.134453
0.0 0.535889 0.3848245000000001 0.009707 0.112422
0.0 0.020903 0.34345750000000014 0.0104 0.100391
0.0 0.04479 0.5471875 0.025928 0.223125
0.0 0.32605 0.9205465 0.072314 0.105938
0.0 0.012695 0.7203910000000001 0.025391 0.372812
0.0 0.991602 0.6988285000000001 0.016797 0.401563
0.0 0.00522 0.22292950000000006 0.003213 0.028125
0.0 0.50481 0.7508005 0.039795 0.332266
0.0 0.505825 0.4471675000000001 0.018643 0.104766
0.0 0.009116 0.24496150000000003 0.003447 0.036406
0.0 0.514985 0.32025400000000004 0.005947 0.079766
0.0 0.012979 0.280234 0.006289 0.059531
