0.0 0.563623 0.5940625 0.028809 0.207344
7.0 0.443394 0.559492 0.006768 0.266563
4.0 0.443228 0.6479095 0.007002 0.180078
6.0 0.583779 0.6346090000000001 0.008848 0.350938
6.0 0.743174 0.40627000000000013 0.004082 0.104141
0.0 0.013315 0.6731635000000001 0.026631 0.435781
2.0 0.044629 0.3124030000000001 0.014551 0.133359
0.0 0.040293 0.5016010000000002 0.011211 0.145781
0.0 0.056006 0.6256450000000001 0.029824 0.267422
6.0 0.189775 0.3768550000000001 0.003301 0.085703
0.0 0.103037 0.7837885 0.081641 0.288281
0.0 0.301548 0.6915625000000002 0.155635 0.41125
0.0 0.509634 0.7441795000000001 0.03583 0.341094
7.0 0.59813 0.6132220000000002 0.009482 0.400859
4.0 0.601133 0.747109 0.023262 0.225625
7.0 0.57437 0.614863 0.009268 0.360547
6.0 0.734302 0.4179295 0.003428 0.104531
