7.0 0.255869 0.48988300000000007 0.004258 0.089219
0.0 0.411021 0.37117150000000004 0.017354 0.116563
0.0 0.444502 0.3688285000000001 0.021055 0.128906
0.0 0.457271 0.3381835 0.016729 0.093672
0.0 0.508916 0.25638700000000003 0.015039 0.112109
6.0 0.287661 0.7639839999999999 0.007568 0.294375
0.0 0.501401 0.7954494999999999 0.058857 0.272734
0.0 0.480674 0.633262 0.025039 0.265234
0.0 0.016738 0.7007620000000001 0.033477 0.398984
6.0 0.22104 0.4785745000000001 0.002217 0.069141
6.0 0.229165 0.48132850000000005 0.001963 0.069531
0.0 0.355327 0.4086715000000001 0.015576 0.112344
0.0 0.988726 0.7003510000000001 0.022549 0.399531
