0.0 0.084111 0.4012300000000001 0.01166 0.071172
7.0 0.256685 0.663262 0.010381 0.366172
4.0 0.255029 0.801016 0.021797 0.212812
6.0 0.446606 0.4715425000000001 0.004131 0.134609
6.0 0.474678 0.4081450000000001 0.003457 0.093984
6.0 0.469243 0.41810500000000006 0.003662 0.098828
6.0 0.46627 0.4311715000000001 0.003867 0.115
6.0 0.540073 0.4177540000000001 0.004385 0.144453
6.0 0.536592 0.4114255 0.003223 0.131641
6.0 0.531138 0.40527400000000013 0.003877 0.124219
0.0 0.980044 0.5490625 0.022666 0.224375
4.0 0.861899 0.48982450000000005 0.009502 0.150859
0.0 0.017456 0.702343 0.034912 0.396875
0.0 0.010562 0.35365300000000005 0.013604 0.092734
6.0 0.130986 0.5808205000000002 0.006895 0.284687
0.0 0.0273 0.4631635000000001 0.016709 0.176719
0.0 0.50894 0.7548430000000002 0.037959 0.326875
0.0 0.520986 0.4284175 0.010117 0.082578
0.0 0.505791 0.469141 0.015742 0.120313
4.0 0.914048 0.4217380000000001 0.01251 0.135234
4.0 0.907905 0.4250785000000001 0.010752 0.112969
4.0 0.890513 0.4482220000000001 0.014131 0.145391
