6.0 0.423379 0.624472 0.008184 0.269453
6.0 0.432817 0.5410345 0.006982 0.191641
7.0 0.206201 0.566524 0.008691 0.309219
5.0 0.701865 0.3513085000000001 0.008633 0.224141
5.0 0.695801 0.36865300000000006 0.009805 0.231641
0.0 0.706489 0.152149 0.013994 0.154687
4.0 0.663726 0.3775585 0.012979 0.232734
4.0 0.639019 0.2862115 0.011982 0.196406
5.0 0.681348 0.2971675 0.011855 0.216328
6.0 0.633447 0.6009175 0.022363 0.532109
7.0 0.19813 0.5720305 0.008818 0.31625
6.0 0.512861 0.469258 0.005566 0.150156
6.0 0.522246 0.420859 0.005195 0.128281
4.0 0.201069 0.6810745000000001 0.02501 0.202109
