0.0 0.491753 0.7896490000000002 0.033936 0.268594
0.0 0.495352 0.562597 0.025508 0.187734
0.0 0.546465 0.4375585000000001 0.024141 0.174297
0.0 0.57812 0.4804495000000001 0.020518 0.093359
0.0 0.605396 0.4710745000000001 0.018115 0.094297
0.0 0.6302 0.46790950000000003 0.015713 0.085391
0.0 0.039136 0.3710545 0.00917 0.065156
0.0 0.057974 0.33877000000000007 0.009014 0.086016
0.0 0.130444 0.40556650000000005 0.024443 0.129297
7.0 0.030737 0.40351600000000004 0.00542 0.095313
6.0 0.087876 0.38587900000000014 0.005654 0.146953
7.0 0.343667 0.2939455000000001 0.006221 0.117813
7.0 0.489092 0.45144550000000006 0.00707 0.153594
6.0 0.475186 0.4379095 0.00498 0.101328
6.0 0.478931 0.432871 0.004111 0.096484
