0.0 0.473179 0.5550385 0.021162 0.23625
0.0 0.772749 0.28627 0.016162 0.153203
0.0 0.506167 0.5246875000000001 0.013057 0.144375
0.0 0.008081 0.490645 0.016162 0.264766
0.0 0.018799 0.338008 0.007324 0.088906
0.0 0.186499 0.46539100000000005 0.012705 0.137813
0.0 0.211885 0.614863 0.019199 0.199453
0.0 0.230522 0.4260745000000001 0.008096 0.124609
0.0 0.030952 0.4626955 0.01417 0.179688
0.0 0.364434 0.9125199999999999 0.081211 0.116641
0.0 0.236094 0.5479495 0.020234 0.263203
0.0 0.729263 0.40662100000000007 0.015615 0.128984
0.0 0.800664 0.4472260000000001 0.02627 0.208906
