6.0 0.451519 0.6885745 0.017764 0.415234
7.0 0.603594 0.2990425000000001 0.006504 0.138359
6.0 0.591167 0.45343750000000005 0.009092 0.282344
0.0 0.00252 0.47447200000000006 0.005039 0.211953
0.0 0.0054 0.4128325 0.010801 0.143359
0.0 0.447437 0.5872075000000001 0.025146 0.258672
0.0 0.814277 0.7154680000000001 0.140234 0.379375
6.0 0.904541 0.44019550000000013 0.013223 0.464063
0.0 0.929019 0.6776755 0.066045 0.428672
7.0 0.961992 0.43199200000000004 0.009746 0.26125
0.0 0.99064 0.4322260000000001 0.018721 0.306719
0.0 0.458853 0.3907420000000001 0.015068 0.175937
0.0 0.470947 0.4118365 0.013223 0.079375
0.0 0.472939 0.41904250000000004 0.012031 0.076953
