0.0 0.989751 0.6689455000000001 0.020498 0.441406
0.0 0.694204 0.5650000000000001 0.025342 0.188906
7.0 0.104653 0.6296875000000002 0.013096 0.49375
4.0 0.106172 0.7826170000000001 0.020879 0.289844
6.0 0.755337 0.6926755 0.013936 0.409766
6.0 0.741543 0.7169920000000002 0.01043 0.377344
6.0 0.768389 0.4391410000000001 0.004531 0.14125
0.0 0.008506 0.641347 0.017012 0.460547
2.0 0.02959 0.24308650000000007 0.009922 0.085
0.0 0.026553 0.388399 0.012539 0.131406
6.0 0.16479 0.3099415000000001 0.002881 0.071328
0.0 0.03084 0.5017780000000001 0.011953 0.190859
0.0 0.060337 0.6250000000000001 0.059404 0.492969
0.0 0.598032 0.7714840000000001 0.057393 0.304688
7.0 0.729546 0.6341410000000002 0.016396 0.487812
4.0 0.724111 0.9424029999999999 0.018926 0.076797
7.0 0.673403 0.6919135000000001 0.019443 0.408594
6.0 0.773745 0.4475200000000001 0.003838 0.149766
