6.0 0.977554 0.29007850000000013 0.004092 0.108438
0.0 0.034248 0.36343750000000014 0.008242 0.081563
0.0 0.01791 0.36267550000000004 0.010723 0.118984
0.0 0.080713 0.4662115 0.080566 0.711719
0.0 0.462334 0.6578710000000001 0.029609 0.333203
0.0 0.483882 0.4950970000000001 0.010967 0.121328
0.0 0.007168 0.4944535000000001 0.014336 0.240156
7.0 0.085659 0.39162100000000005 0.006162 0.126641
4.0 0.085195 0.5059960000000001 0.006836 0.091797
2.0 0.57436 0.41746150000000004 0.085459 0.768437
0.0 0.511792 0.5192380000000001 0.011436 0.155391
