0.0 0.985757 0.3314455000000001 0.017393 0.195312
6.0 0.501431 0.680722 0.018584 0.425703
6.0 0.59189 0.4050385 0.008311 0.247656
0.0 0.005386 0.4191595000000001 0.010771 0.153672
0.0 0.433379 0.6763870000000001 0.040879 0.355859
0.0 0.783701 0.7334575 0.14625 0.355391
6.0 0.920869 0.35294950000000014 0.011094 0.352422
0.0 0.913706 0.6824215000000001 0.084209 0.421562
7.0 0.950962 0.5538670000000001 0.013447 0.388906
0.0 0.989312 0.4379095 0.021377 0.314297
0.0 0.458853 0.3986530000000001 0.015068 0.187266
0.0 0.469995 0.4232035000000001 0.013232 0.079375
0.0 0.472295 0.4315825000000001 0.012031 0.076953
