0.0 0.035488 0.3275785 0.006172 0.057812
0.0 0.091719 0.5470705 0.02748 0.199219
0.0 0.286294 0.7517965 0.072725 0.330937
0.0 0.446074 0.5502925000000001 0.019766 0.169766
0.0 0.346621 0.48730450000000003 0.024687 0.122031
2.0 0.466797 0.3985945000000001 0.015645 0.147656
2.0 0.445879 0.394375 0.022734 0.203125
6.0 0.306226 0.6503125000000001 0.006299 0.236406
6.0 0.298325 0.6341995000000001 0.006221 0.232422
0.0 0.277935 0.4527925 0.025693 0.126016
0.0 0.332451 0.4478125 0.018848 0.097031
0.0 0.468579 0.44353450000000005 0.01374 0.127109
6.0 0.418062 0.4855465000000001 0.005303 0.13875
0.0 0.008193 0.47681650000000003 0.01416 0.166328
0.0 0.509326 0.565996 0.015371 0.169453
6.0 0.086836 0.3939655 0.005293 0.113828
