6.0 0.940918 0.33015700000000003 0.00627 0.195469
6.0 0.874614 0.6181450000000002 0.010596 0.455391
0.0 0.019629 0.697246 0.03873 0.403672
6.0 0.185112 0.5900785000000001 0.00708 0.267969
7.0 0.149233 0.5786530000000001 0.006943 0.278359
0.0 0.190239 0.3139255000000001 0.012217 0.069141
4.0 0.14895 0.6953710000000001 0.01583 0.181484
0.0 0.074746 0.3690625 0.012422 0.066094
0.0 0.091704 0.36343750000000014 0.014521 0.0725
0.0 0.021421 0.3757420000000001 0.011475 0.105
0.0 0.065264 0.381601 0.009922 0.068125
0.0 0.379907 0.8178909999999999 0.067139 0.24
2.0 0.667358 0.23623 0.268018 0.981641
0.0 0.50562 0.6363085 0.023057 0.236953
