6.0 0.971167 0.3208405000000001 0.005518 0.138203
0.0 0.062603 0.5311330000000001 0.017979 0.172969
0.0 0.043145 0.6177925000000002 0.029453 0.309609
0.0 0.461484 0.600508 0.039766 0.532656
0.0 0.486489 0.46873 0.011143 0.125547
0.0 0.008853 0.5062300000000001 0.017705 0.264297
6.0 0.067056 0.37873000000000007 0.003799 0.118672
7.0 0.102007 0.45783250000000003 0.008096 0.180703
4.0 0.102959 0.5412115000000001 0.008262 0.119531
0.0 0.152217 0.2841010000000001 0.011211 0.040937
0.0 0.012124 0.275254 0.004346 0.046953
0.0 0.021909 0.3049615000000001 0.005264 0.053281
2.0 0.559497 0.44201200000000007 0.065771 0.737266
0.0 0.510654 0.5124415000000001 0.013301 0.173203
