0.0 0.492075 0.28709050000000014 0.015244 0.098672
0.0 0.373628 0.4626955 0.023037 0.127344
6.0 0.267007 0.7405465 0.007666 0.269688
0.0 0.501401 0.7954494999999999 0.058857 0.272734
0.0 0.480674 0.633262 0.025039 0.265234
0.0 0.34624 0.42015550000000007 0.015957 0.08125
0.0 0.412241 0.38587900000000014 0.015088 0.101016
0.0 0.016787 0.7007620000000001 0.033574 0.398984
6.0 0.226538 0.48191350000000005 0.002217 0.076562
6.0 0.234897 0.48437500000000006 0.001963 0.069531
0.0 0.456089 0.3156835 0.016201 0.113516
6.0 0.11478 0.3303910000000001 0.002354 0.064844
0.0 0.988726 0.7003510000000001 0.022549 0.399531
