7.0 0.076523 0.4044535 0.006523 0.209687
1.0 0.608867 0.341524 0.021914 0.138906
0.0 0.530859 0.333028 0.012305 0.068516
0.0 0.986816 0.38558650000000005 0.023066 0.186719
0.0 0.095259 0.6891010000000002 0.061826 0.414531
0.0 0.371328 0.6730465000000001 0.057148 0.435937
0.0 0.400415 0.527617 0.021826 0.199844
0.0 0.416724 0.407968 0.015576 0.153438
6.0 0.812227 0.6859375000000001 0.020273 0.41875
6.0 0.629912 0.42402400000000007 0.006934 0.232031
0.0 0.002285 0.4206250000000001 0.00457 0.15375
0.0 0.029961 0.4316410000000001 0.014492 0.101562
0.0 0.931147 0.7251955000000001 0.061709 0.366406
6.0 0.958018 0.37415950000000003 0.006465 0.164141
0.0 0.962056 0.7189255000000001 0.029795 0.374766
7.0 0.96895 0.5143165000000001 0.008467 0.229766
0.0 0.989648 0.46234450000000005 0.020703 0.22
0.0 0.439468 0.36947200000000013 0.016572 0.300078
0.0 0.454414 0.3613285000000001 0.013223 0.079375
0.0 0.45231 0.345097 0.012021 0.076953
