0.0 0.04248 0.685351 0.04375 0.419531
0.0 0.102988 0.363613 0.021895 0.151172
0.0 0.137017 0.23974600000000001 0.019697 0.140391
6.0 0.356274 0.385996 0.003643 0.124453
0.0 0.397568 0.71002 0.027988 0.347109
0.0 0.440059 0.6776170000000001 0.030859 0.285781
0.0 0.423359 0.46937500000000004 0.010293 0.103906
0.0 0.405723 0.3873430000000001 0.009453 0.0675
2.0 0.933613 0.28796800000000006 0.016035 0.179687
0.0 0.907808 0.4366795000000001 0.013994 0.14
6.0 0.774395 0.5591410000000001 0.007871 0.153906
6.0 0.763755 0.5819335 0.009912 0.184297
6.0 0.749614 0.6046675000000001 0.006709 0.247266
6.0 0.743779 0.6186715000000002 0.007285 0.26125
4.0 0.521572 0.5761330000000001 0.014316 0.120937
4.0 0.512754 0.5660545 0.012559 0.094062
4.0 0.497007 0.5559760000000001 0.007178 0.094062
