7.0 0.47833 0.44834050000000003 0.003496 0.112422
4.0 0.477754 0.4949800000000001 0.003652 0.062578
0.0 0.019316 0.6709960000000001 0.038105 0.438672
2.0 0.063623 0.346504 0.019609 0.214453
0.0 0.070454 0.6987115 0.035459 0.339219
0.0 0.128286 0.7840239999999999 0.102529 0.287969
6.0 0.207354 0.3817780000000001 0.003496 0.092578
0.0 0.370615 0.8256835 0.088926 0.232422
0.0 0.443193 0.675625 0.052207 0.4325
0.0 0.503276 0.7438285000000001 0.035498 0.341562
7.0 0.559946 0.532657 0.006611 0.260156
4.0 0.560483 0.6085345000000001 0.014209 0.139922
7.0 0.545122 0.46292950000000005 0.006064 0.1425
6.0 0.693516 0.431758 0.003047 0.090469
