6.0 0.082329 0.3663670000000001 0.005537 0.104375
0.0 0.493589 0.8026555 0.036201 0.260938
0.0 0.500615 0.6300970000000001 0.028262 0.189297
0.0 0.556138 0.4440625000000001 0.02501 0.174375
0.0 0.589927 0.5042965 0.020068 0.101562
0.0 0.617046 0.485254 0.018174 0.094609
0.0 0.639448 0.4806835 0.015713 0.100234
0.0 0.042119 0.381601 0.00916 0.065156
0.0 0.060884 0.33625000000000005 0.009014 0.085938
0.0 0.127915 0.3941410000000001 0.022529 0.132188
7.0 0.031602 0.4022845000000001 0.007324 0.114766
6.0 0.078569 0.3678325000000001 0.005654 0.127266
7.0 0.322642 0.29007850000000013 0.006221 0.111875
7.0 0.45604 0.45343750000000005 0.007061 0.1725
6.0 0.487178 0.4580080000000001 0.00498 0.104531
6.0 0.491104 0.4513285 0.004102 0.100625
