6.0 0.072817 0.43855450000000007 0.008311 0.2275
6.0 0.110654 0.5440240000000001 0.009512 0.369844
6.0 0.896909 0.5652340000000001 0.024736 0.5775
6.0 0.716831 0.5582620000000001 0.016201 0.583984
6.0 0.510845 0.40252000000000004 0.004971 0.139141
6.0 0.127295 0.6191410000000002 0.010371 0.371563
6.0 0.153647 0.6759175000000001 0.007764 0.361797
6.0 0.157656 0.6847075 0.007539 0.392734
6.0 0.141118 0.6240040000000001 0.007939 0.364297
6.0 0.173848 0.6729295000000001 0.011211 0.385312
6.0 0.188052 0.7123630000000001 0.009971 0.333203
6.0 0.208589 0.7507420000000001 0.013252 0.315156
6.0 0.221426 0.7075000000000001 0.009941 0.39
6.0 0.245278 0.7077340000000001 0.010752 0.389687
6.0 0.230796 0.6777925 0.010283 0.405703
6.0 0.258945 0.7191595000000001 0.010352 0.374453
6.0 0.285166 0.6906835 0.009551 0.410859
6.0 0.308096 0.7095505 0.014277 0.387266
6.0 0.317168 0.76123 0.014434 0.318359
6.0 0.33604 0.7326955 0.012393 0.283906
6.0 0.337158 0.7217965000000001 0.010566 0.354375
6.0 0.356216 0.7283590000000001 0.010615 0.304375
6.0 0.367925 0.7108990000000002 0.010811 0.302812
6.0 0.674819 0.5233405000000001 0.018467 0.630391
6.0 0.66999 0.5369920000000001 0.018184 0.617344
6.0 0.65396 0.5188870000000001 0.022549 0.641484
6.0 0.629443 0.6407035 0.018457 0.47625
6.0 0.612959 0.5930080000000001 0.01416 0.537656
6.0 0.587275 0.6096490000000001 0.017734 0.520469
6.0 0.575889 0.6011530000000002 0.014473 0.347734
6.0 0.566489 0.5882620000000002 0.009658 0.304766
6.0 0.557603 0.6135160000000001 0.008096 0.391563
6.0 0.545586 0.5079295000000001 0.007168 0.327812
6.0 0.538232 0.4989070000000001 0.006836 0.317969
6.0 0.383774 0.614395 0.008389 0.331328
6.0 0.395078 0.6610930000000002 0.008691 0.305625
6.0 0.961484 0.35863300000000004 0.005508 0.195156
