0.0 0.479546 0.5053510000000001 0.014561 0.187656
0.0 0.762017 0.2821090000000001 0.014912 0.146406
0.0 0.506216 0.5259760000000001 0.013057 0.145312
0.0 0.008105 0.4911715 0.016211 0.265469
0.0 0.020742 0.3676555 0.009883 0.102813
0.0 0.196938 0.4800970000000001 0.012705 0.137734
0.0 0.228594 0.6261130000000001 0.018594 0.207891
0.0 0.239526 0.44289100000000003 0.009268 0.135937
0.0 0.246968 0.28093750000000006 0.012295 0.068906
0.0 0.038472 0.5370505 0.019736 0.228672
0.0 0.426563 0.8079879999999999 0.058203 0.256016
0.0 0.25166 0.5487115000000001 0.020801 0.264219
0.0 0.717124 0.4111915000000001 0.015615 0.128984
0.0 0.784468 0.4540825000000001 0.023838 0.208984
