2.0 0.024736 0.23171800000000006 0.009629 0.139844
2.0 0.055815 0.27572200000000013 0.038975 0.267578
0.0 0.050439 0.583399 0.025352 0.227969
0.0 0.02166 0.381016 0.010566 0.082969
0.0 0.004966 0.45619150000000014 0.009932 0.135391
0.0 0.997637 0.418867 0.004727 0.175781
0.0 0.402095 0.829903 0.05917 0.213828
0.0 0.972749 0.4706050000000001 0.019561 0.247266
0.0 0.50481 0.7508005 0.039795 0.332266
0.0 0.505825 0.4471675000000001 0.018643 0.104766
0.0 0.471719 0.5407420000000001 0.017969 0.143594
7.0 0.591104 0.22597600000000007 0.004395 0.076875
7.0 0.579692 0.2814655000000001 0.005498 0.099609
7.0 0.62019 0.4048045000000001 0.008682 0.199063
0.0 0.986304 0.33050800000000014 0.009893 0.110156
0.0 0.524678 0.4343365 0.011211 0.145781
0.0 0.613301 0.6315040000000001 0.106973 0.491328
0.0 0.482402 0.42326200000000014 0.010195 0.086328
