0.0 0.984048 0.320605 0.012471 0.130078
0.0 0.97877 0.25843750000000004 0.008789 0.074219
0.0 0.463867 0.57748 0.022363 0.198203
0.0 0.486021 0.41576200000000013 0.008037 0.073359
2.0 0.013442 0.18414100000000003 0.006533 0.089531
2.0 0.021284 0.2108005 0.010127 0.129453
0.0 0.013306 0.280645 0.006182 0.062422
0.0 0.007769 0.2451955 0.005459 0.034062
0.0 0.009497 0.6574615000000001 0.018994 0.336406
0.0 0.993765 0.5984575000000001 0.012471 0.320547
0.0 0.025449 0.4082620000000001 0.015117 0.115391
0.0 0.551484 0.6455080000000001 0.036621 0.357031
0.0 0.50481 0.7508005 0.039795 0.332266
0.0 0.505825 0.4471675000000001 0.018643 0.104766
0.0 0.056885 0.6414070000000001 0.036816 0.3
7.0 0.588105 0.24736300000000006 0.003242 0.084766
0.0 0.955176 0.5767180000000001 0.042754 0.445
0.0 0.5146 0.305137 0.004531 0.049453
0.0 0.519365 0.3677740000000001 0.009238 0.126563
0.0 0.286138 0.9273430000000001 0.066553 0.096875
