6.0 0.980049 0.2828125 0.003496 0.075313
0.0 0.01127 0.3016795 0.007168 0.083906
0.0 0.023159 0.32880850000000006 0.016846 0.240391
0.0 0.155029 0.7919919999999999 0.121582 0.275313
0.0 0.463574 0.6738670000000001 0.024316 0.248906
0.0 0.479521 0.4854880000000001 0.011738 0.132109
0.0 0.49708 0.4620505000000001 0.00877 0.081641
0.0 0.487358 0.4563085 0.008779 0.089453
0.0 0.00562 0.4836715 0.01124 0.217969
7.0 0.070576 0.4077925000000001 0.005469 0.133828
4.0 0.069678 0.47136700000000004 0.004492 0.077969
2.0 0.644785 0.24765550000000006 0.146816 0.996875
0.0 0.512979 0.4926955 0.010137 0.134687
