6.0 0.522383 0.4387300000000001 0.006348 0.181172
6.0 0.964629 0.4391410000000001 0.009707 0.380625
6.0 0.950098 0.5351755 0.011914 0.422891
6.0 0.92123 0.5600785 0.016309 0.586562
6.0 0.892529 0.5630665 0.012402 0.582578
6.0 0.927051 0.5631250000000001 0.013672 0.5825
6.0 0.879316 0.5948245 0.016465 0.540234
6.0 0.852085 0.6041410000000002 0.017061 0.527813
6.0 0.805718 0.587383 0.020811 0.545156
6.0 0.756699 0.727129 0.021387 0.363828
6.0 0.700479 0.6954295000000001 0.017148 0.406094
6.0 0.663281 0.587383 0.018359 0.550156
6.0 0.634297 0.6664840000000001 0.018906 0.442031
6.0 0.605981 0.6196675000000001 0.011279 0.478984
6.0 0.600659 0.598516 0.009346 0.535313
6.0 0.580464 0.5732620000000002 0.010557 0.506484
6.0 0.567578 0.6097075000000002 0.010879 0.510391
6.0 0.5598 0.6067180000000001 0.011455 0.436875
6.0 0.179399 0.6505465000000001 0.010283 0.465938
6.0 0.148042 0.5902540000000002 0.00917 0.347734
6.0 0.166772 0.5836330000000001 0.008838 0.412969
6.0 0.11564 0.6136915000000002 0.013115 0.363359
6.0 0.157988 0.665254 0.012891 0.383828
