0.0 0.984487 0.316738 0.012139 0.125703
0.0 0.46519 0.566992 0.021572 0.19125
0.0 0.48646 0.4107220000000001 0.007705 0.070234
2.0 0.013677 0.1843165 0.006572 0.090703
2.0 0.021851 0.21308650000000004 0.010498 0.132656
0.0 0.013701 0.28498000000000007 0.006406 0.064453
0.0 0.007939 0.2468365 0.005527 0.034531
0.0 0.009365 0.650254 0.01873 0.328828
0.0 0.993877 0.5931835000000001 0.012246 0.316328
0.0 0.026045 0.4144135 0.015488 0.119063
0.0 0.556284 0.6714655000000002 0.041006 0.380234
0.0 0.50481 0.7508005 0.039795 0.332266
0.0 0.505825 0.4471675000000001 0.018643 0.104766
0.0 0.061909 0.6730465000000001 0.042334 0.317188
7.0 0.586733 0.2535160000000001 0.003447 0.085938
0.0 0.957681 0.554629 0.039541 0.420703
0.0 0.514727 0.307246 0.004785 0.052266
0.0 0.519976 0.3693550000000001 0.009229 0.131016
0.0 0.322192 0.9136329999999999 0.067373 0.115156
