0.0 0.593345 0.5884375000000001 0.033799 0.206094
7.0 0.419141 0.6101755000000001 0.011719 0.393203
4.0 0.419775 0.7738285 0.013965 0.26875
6.0 0.598032 0.6796090000000001 0.009736 0.41625
6.0 0.751099 0.4166410000000001 0.004072 0.110469
0.0 0.012832 0.6735745000000002 0.025664 0.435234
2.0 0.042017 0.3131635 0.013135 0.119375
0.0 0.048032 0.570391 0.024775 0.215
6.0 0.1854 0.36572200000000005 0.003184 0.081953
0.0 0.078643 0.745117 0.05791 0.339844
0.0 0.195845 0.675157 0.156611 0.433125
0.0 0.519756 0.7409575 0.041348 0.342891
7.0 0.619575 0.6490825000000001 0.011709 0.467891
4.0 0.620024 0.801367 0.025596 0.260156
7.0 0.586533 0.6482035 0.011035 0.401563
6.0 0.745991 0.43750000000000006 0.003701 0.1075
