6.0 0.954766 0.29177800000000004 0.004922 0.157891
6.0 0.935767 0.408379 0.007998 0.276797
0.0 0.460693 0.6216010000000001 0.016895 0.193906
0.0 0.484604 0.5394535 0.013096 0.158438
0.0 0.014058 0.6554095000000001 0.027705 0.402109
6.0 0.128672 0.4836715 0.006152 0.218125
7.0 0.147319 0.5432620000000001 0.00708 0.266797
4.0 0.147261 0.6455665000000002 0.013545 0.164141
0.0 0.069692 0.31328200000000006 0.012412 0.066094
0.0 0.122861 0.31621150000000003 0.012344 0.068438
0.0 0.01502 0.2781835 0.008125 0.077734
0.0 0.091362 0.32875000000000004 0.011982 0.065625
0.0 0.055498 0.49111300000000013 0.026035 0.184609
2.0 0.561411 0.45314500000000013 0.079326 0.729141
0.0 0.506641 0.5816410000000001 0.017246 0.198281
