0.0 0.457212 0.3249415000000001 0.016553 0.108047
0.0 0.468745 0.38165950000000004 0.023975 0.141328
0.0 0.396689 0.3953125000000001 0.01252 0.087812
0.0 0.500405 0.2865625000000001 0.013682 0.079844
6.0 0.273755 0.743125 0.006475 0.291406
0.0 0.501401 0.7954494999999999 0.058857 0.272734
0.0 0.480674 0.633262 0.025039 0.265234
0.0 0.366284 0.4213285 0.01333 0.097031
0.0 0.016768 0.7007620000000001 0.033535 0.398984
6.0 0.223628 0.4805665000000001 0.002217 0.074766
6.0 0.231851 0.484726 0.001963 0.069531
0.0 0.408804 0.3723430000000001 0.016533 0.11875
6.0 0.112788 0.3303910000000001 0.002354 0.064844
0.0 0.988726 0.7003510000000001 0.022549 0.399531
