6.0 0.43437 0.5844535000000001 0.007236 0.230937
6.0 0.441899 0.5045905 0.006006 0.173984
7.0 0.242422 0.6179095 0.009004 0.316484
5.0 0.667295 0.3570505 0.007422 0.213047
5.0 0.661494 0.3683590000000001 0.006543 0.207813
0.0 0.686704 0.16205050000000004 0.015107 0.160391
4.0 0.632891 0.35962900000000003 0.013398 0.216484
4.0 0.614829 0.3012115 0.011357 0.182344
5.0 0.652051 0.3000970000000001 0.008223 0.197109
0.0 0.008091 0.3183790000000001 0.006553 0.058203
6.0 0.585493 0.598516 0.017432 0.5325
7.0 0.234053 0.6232420000000002 0.00748 0.338281
6.0 0.510034 0.4331635000000001 0.005107 0.123906
6.0 0.519316 0.414883 0.005313 0.123906
4.0 0.235576 0.7206835 0.026973 0.218672
