6.0 0.357158 0.6090040000000001 0.007812 0.324453
6.0 0.398169 0.6244135000000001 0.007334 0.315625
6.0 0.414087 0.626407 0.008291 0.335313
6.0 0.419258 0.6102340000000002 0.006133 0.265
6.0 0.577104 0.48882850000000005 0.009814 0.316562
6.0 0.582329 0.4206250000000001 0.008311 0.219219
6.0 0.427217 0.6048445 0.006895 0.277969
6.0 0.43355 0.600859 0.008291 0.304063
6.0 0.442261 0.5691010000000001 0.009424 0.277344
6.0 0.452637 0.5564455 0.008984 0.174687
6.0 0.461851 0.5465425 0.007451 0.223828
6.0 0.467402 0.521113 0.006563 0.199453
6.0 0.022998 0.33080050000000005 0.005664 0.165703
6.0 0.739722 0.6027340000000001 0.029834 0.529687
