6.0 0.26853 0.5971090000000001 0.010342 0.451406
6.0 0.325518 0.669355 0.007852 0.390859
6.0 0.346284 0.6827740000000001 0.011709 0.422969
6.0 0.358027 0.6791995000000001 0.008809 0.343828
6.0 0.575933 0.5872075000000001 0.013896 0.431172
6.0 0.57436 0.46843750000000006 0.009697 0.245
6.0 0.350664 0.68125 0.006211 0.4075
6.0 0.369009 0.6675385000000001 0.008271 0.322969
6.0 0.374639 0.6895705 0.01043 0.405
6.0 0.381196 0.6545905000000002 0.008662 0.322266
6.0 0.391152 0.6535345000000001 0.010273 0.360391
6.0 0.400068 0.6242965 0.009238 0.255313
6.0 0.409824 0.6136915000000002 0.011211 0.226484
6.0 0.421914 0.5872075000000001 0.007441 0.287266
6.0 0.429399 0.5729095000000002 0.006553 0.260391
6.0 0.445532 0.550645 0.005303 0.207891
6.0 0.440962 0.5209960000000001 0.008311 0.161953
6.0 0.545371 0.5009575000000002 0.007598 0.274609
6.0 0.550396 0.4984375000000001 0.007139 0.246719
6.0 0.880054 0.6050200000000001 0.018389 0.523047
