6.0 0.974961 0.3080080000000001 0.004922 0.125781
0.0 0.044409 0.4454695000000001 0.012842 0.126094
0.0 0.028345 0.4547845 0.017939 0.177422
0.0 0.391992 0.5154295000000001 0.125 0.646094
0.0 0.480156 0.5208205000000001 0.01543 0.183281
0.0 0.008149 0.5012500000000001 0.016299 0.254219
6.0 0.059038 0.36613300000000004 0.003525 0.101875
7.0 0.095049 0.4451755000000001 0.006895 0.175703
4.0 0.094766 0.5185945000000001 0.008809 0.109687
0.0 0.019468 0.2909575000000001 0.004619 0.040703
2.0 0.564248 0.43509700000000007 0.07332 0.745078
0.0 0.511147 0.5000785 0.012334 0.167813
