0.0 0.08167 0.39806650000000005 0.012383 0.071953
7.0 0.218037 0.6528325 0.009746 0.351172
4.0 0.218081 0.7875384999999999 0.02167 0.215938
6.0 0.442466 0.4786915 0.004189 0.139453
6.0 0.473745 0.41230450000000013 0.003467 0.093906
6.0 0.467368 0.426778 0.003662 0.098828
6.0 0.464941 0.44148400000000004 0.003867 0.115
6.0 0.541792 0.4217380000000001 0.004385 0.144453
6.0 0.537969 0.42003850000000004 0.003457 0.135781
6.0 0.532339 0.40996150000000003 0.003877 0.124219
0.0 0.973062 0.590782 0.027314 0.27625
4.0 0.866533 0.48197200000000007 0.010371 0.150234
0.0 0.017915 0.7049215000000001 0.03583 0.393437
0.0 0.006621 0.3517780000000001 0.012461 0.096328
6.0 0.120742 0.5624215000000001 0.006543 0.268437
0.0 0.02562 0.44377 0.016221 0.146797
0.0 0.508994 0.7588285 0.039395 0.321562
0.0 0.520986 0.4312300000000001 0.010117 0.082578
0.0 0.505239 0.47681650000000003 0.016377 0.125703
4.0 0.916445 0.417403 0.012168 0.129609
4.0 0.910166 0.41851600000000005 0.010547 0.110781
4.0 0.893257 0.4398445 0.013701 0.142344
