0.0 0.484595 0.413887 0.01335 0.089453
0.0 0.012056 0.272266 0.009463 0.075
0.0 0.507178 0.5271490000000001 0.024277 0.217344
0.0 0.507637 0.7574215000000002 0.042637 0.31125
0.0 0.39959 0.3987700000000001 0.014805 0.091172
2.0 0.019277 0.201601 0.013105 0.146719
0.0 0.023857 0.33595750000000013 0.017832 0.171484
1.0 0.317974 0.2481835 0.280283 0.997578
0.0 0.015098 0.687226 0.030195 0.414531
6.0 0.508726 0.30707050000000014 0.003623 0.086562
6.0 0.51436 0.3100585000000001 0.004287 0.090078
2.0 0.012842 0.19914100000000004 0.01123 0.148281
