0.0 0.016851 0.3228325000000001 0.011729 0.102891
0.0 0.507324 0.533653 0.024961 0.226016
0.0 0.508027 0.7574215000000002 0.042637 0.31125
0.0 0.399844 0.3937885000000001 0.014121 0.087344
2.0 0.024263 0.22802800000000004 0.018721 0.187891
0.0 0.047173 0.5025385000000001 0.033584 0.348437
1.0 0.466797 0.3299215000000001 0.039453 0.571562
0.0 0.015303 0.6882820000000001 0.030605 0.414531
6.0 0.511763 0.3087115 0.003916 0.086562
6.0 0.520132 0.30929650000000003 0.004346 0.090469
2.0 0.013628 0.2042965 0.012236 0.148281
