0.0 0.138394 0.6446875000000002 0.047217 0.306719
0.0 0.447173 0.48285100000000003 0.016943 0.129531
0.0 0.409932 0.38822200000000007 0.010879 0.095391
6.0 0.404546 0.4839655000000001 0.005674 0.160859
6.0 0.396216 0.4825000000000001 0.004209 0.143594
0.0 0.379253 0.3744535 0.008057 0.066406
0.0 0.394673 0.3867580000000001 0.013623 0.078437
6.0 0.071431 0.38007850000000004 0.004775 0.139844
0.0 0.009277 0.4543165 0.013984 0.164922
0.0 0.502676 0.5521675 0.015371 0.169453
6.0 0.146997 0.47335900000000003 0.005928 0.198594
0.0 0.034258 0.3356635 0.008555 0.082969
6.0 0.135786 0.4343365 0.00583 0.169219
6.0 0.958516 0.390508 0.004531 0.141562
