7.0 0.469092 0.41300800000000004 0.003223 0.080625
4.0 0.469199 0.4525585000000001 0.003477 0.050859
4.0 0.624053 0.5100385000000002 0.017559 0.129687
0.0 0.040386 0.6836530000000001 0.041455 0.421797
0.0 0.108315 0.5579695 0.025342 0.16625
0.0 0.151357 0.4491010000000001 0.022441 0.140469
6.0 0.408467 0.5444335000000001 0.005254 0.209453
0.0 0.292188 0.8822260000000001 0.10918 0.157031
0.0 0.500156 0.6537700000000001 0.025234 0.291328
0.0 0.515742 0.4301755000000001 0.010117 0.082578
0.0 0.502305 0.394375 0.009453 0.0675
6.0 0.945771 0.3557620000000001 0.004961 0.093047
6.0 0.939321 0.3752155000000001 0.005361 0.205234
4.0 0.719927 0.5960545 0.012393 0.221562
4.0 0.690869 0.5818165000000002 0.017266 0.184922
4.0 0.658232 0.5552740000000002 0.01373 0.174531
