0.0 0.069902 0.3299800000000001 0.01793 0.111016
0.0 0.079102 0.31890550000000006 0.019141 0.108125
6.0 0.219819 0.46492150000000004 0.005596 0.173125
6.0 0.255161 0.4353325 0.006299 0.159922
6.0 0.261006 0.41705050000000005 0.005078 0.149141
6.0 0.328364 0.6140425 0.004795 0.089766
6.0 0.337422 0.5884375000000001 0.004336 0.089375
6.0 0.902886 0.281641 0.008232 0.2625
6.0 0.895493 0.3259375000000001 0.00751 0.260313
6.0 0.888794 0.2791210000000001 0.006924 0.228359
6.0 0.982583 0.4426555000000001 0.010967 0.445
5.0 0.863906 0.504766 0.007734 0.278438
5.0 0.978813 0.5613085000000001 0.005381 0.298203
5.0 0.973745 0.575488 0.005635 0.310234
5.0 0.97 0.5678125000000002 0.006504 0.305937
5.0 0.954775 0.500137 0.010488 0.281016
