6.0 0.974878 0.3714655 0.005928 0.232734
6.0 0.520483 0.432871 0.006357 0.178828
6.0 0.093872 0.53752 0.007959 0.276016
6.0 0.115747 0.6216010000000001 0.007959 0.274844
6.0 0.104336 0.543496 0.010566 0.300859
6.0 0.129951 0.618379 0.011113 0.276172
6.0 0.138975 0.6170905000000001 0.007246 0.277734
6.0 0.958188 0.4839655000000001 0.010771 0.448984
6.0 0.915801 0.6124615000000001 0.020352 0.440156
6.0 0.94479 0.5000785 0.011787 0.444687
6.0 0.901602 0.6605080000000001 0.017695 0.452656
6.0 0.929414 0.5905465000000001 0.017871 0.467187
6.0 0.877451 0.5389840000000001 0.016914 0.614688
6.0 0.846865 0.5313670000000001 0.018574 0.624844
6.0 0.876611 0.5542195000000001 0.022637 0.594375
6.0 0.822041 0.5904295 0.022012 0.541094
6.0 0.781875 0.6022660000000002 0.020215 0.530312
6.0 0.724385 0.5898430000000001 0.022012 0.545156
6.0 0.681777 0.7230865000000001 0.021387 0.369219
6.0 0.641953 0.6836530000000001 0.018535 0.419297
6.0 0.6173 0.600391 0.015205 0.532813
6.0 0.600151 0.6515425000000001 0.013135 0.441953
6.0 0.57957 0.5992195000000001 0.013125 0.451562
6.0 0.577617 0.577597 0.007715 0.449766
6.0 0.564468 0.5122660000000001 0.0096 0.434219
6.0 0.556514 0.5691010000000001 0.009121 0.430469
6.0 0.549121 0.564532 0.010293 0.39
6.0 0.218848 0.6558205 0.010723 0.458906
6.0 0.151963 0.6831835 0.01082 0.386484
6.0 0.162065 0.6722845000000001 0.011182 0.418516
6.0 0.173262 0.6425200000000001 0.008379 0.399453
6.0 0.195962 0.6356050000000001 0.009424 0.447734
6.0 0.141748 0.6817780000000001 0.011563 0.385234
6.0 0.191626 0.6977740000000001 0.012881 0.402969
