6.0 0.972041 0.3722845000000001 0.006504 0.232734
6.0 0.519062 0.428476 0.006348 0.177187
6.0 0.097139 0.5192380000000001 0.004941 0.255078
6.0 0.104902 0.5527540000000001 0.009785 0.287891
6.0 0.130166 0.6274615000000001 0.010957 0.282656
6.0 0.117412 0.5940040000000001 0.010566 0.341328
6.0 0.146094 0.6817195 0.012695 0.320937
6.0 0.159312 0.679141 0.008701 0.299219
6.0 0.965273 0.4216795000000001 0.010156 0.410156
6.0 0.957407 0.4321675000000001 0.012354 0.491484
6.0 0.948872 0.5343550000000001 0.016006 0.524766
6.0 0.889883 0.6431635000000001 0.020684 0.434844
6.0 0.931396 0.519121 0.013965 0.478672
6.0 0.873691 0.676621 0.02627 0.431172
6.0 0.910327 0.6310945000000001 0.020635 0.491875
6.0 0.82876 0.5129095000000001 0.022168 0.649453
6.0 0.836631 0.6709960000000001 0.021777 0.438672
6.0 0.794468 0.5514055000000001 0.018135 0.598125
6.0 0.804912 0.5389255000000002 0.030332 0.614766
6.0 0.759624 0.588613 0.022021 0.543516
6.0 0.72126 0.6125200000000001 0.018047 0.516641
6.0 0.67021 0.5989255 0.018799 0.534766
6.0 0.635908 0.7103125000000001 0.021387 0.38625
6.0 0.610127 0.6820120000000002 0.016523 0.423984
6.0 0.59689 0.5865625000000001 0.012764 0.490469
6.0 0.582275 0.6276955000000002 0.009512 0.420156
6.0 0.569551 0.570391 0.009531 0.403281
6.0 0.562607 0.5675785000000001 0.005273 0.379688
6.0 0.556626 0.4889455000000001 0.008896 0.4125
6.0 0.548218 0.538633 0.007803 0.370469
6.0 0.542925 0.53752 0.009424 0.354922
6.0 0.176846 0.6535930000000001 0.012402 0.461875
6.0 0.250332 0.673282 0.012285 0.4325
6.0 0.178896 0.7045705 0.01082 0.380469
6.0 0.188057 0.6848830000000001 0.011172 0.420156
6.0 0.1973 0.6648445000000001 0.007334 0.422344
6.0 0.220859 0.6520120000000001 0.009727 0.462422
6.0 0.176191 0.7127740000000001 0.010781 0.381563
6.0 0.221821 0.6990625 0.012881 0.397813
