0.0 0.507798 0.268867 0.014443 0.093281
6.0 0.266265 0.798028 0.008506 0.185391
0.0 0.501401 0.7954494999999999 0.058857 0.272734
0.0 0.480674 0.633262 0.025039 0.265234
0.0 0.366255 0.4152340000000001 0.017334 0.099375
0.0 0.433584 0.36502 0.01502 0.098672
0.0 0.016704 0.7007620000000001 0.033408 0.398984
6.0 0.227822 0.48238300000000006 0.002227 0.076562
6.0 0.236255 0.484258 0.001963 0.069531
0.0 0.476274 0.29482450000000004 0.015693 0.108047
6.0 0.1152 0.3303910000000001 0.002354 0.064844
0.0 0.988726 0.7003510000000001 0.022549 0.399531
