0.0 0.478462 0.462754 0.016943 0.128203
0.0 0.01001 0.25539100000000003 0.007051 0.071719
0.0 0.507114 0.524101 0.023955 0.213437
0.0 0.507456 0.7574215000000002 0.042646 0.31125
0.0 0.399473 0.400996 0.015117 0.092891
2.0 0.017842 0.19187500000000002 0.010918 0.122031
0.0 0.019189 0.30027400000000004 0.01418 0.146563
1.0 0.19834 0.2481835 0.300586 0.997578
0.0 0.015 0.6867580000000001 0.03 0.414531
6.0 0.507495 0.30630850000000004 0.003369 0.086641
6.0 0.512437 0.30777400000000005 0.003955 0.087812
2.0 0.012842 0.19914100000000004 0.01123 0.148281
