0.0 0.99355 0.2695705000000001 0.00792 0.098906
6.0 0.960542 0.26084050000000003 0.002588 0.105078
6.0 0.963662 0.2582035 0.002578 0.102344
0.0 0.51728 0.3884575 0.015225 0.102578
7.0 0.442646 0.3485545 0.004551 0.05875
7.0 0.416265 0.383008 0.006025 0.09375
6.0 0.534917 0.3836530000000001 0.003525 0.081641
6.0 0.231646 0.6515425000000001 0.012041 0.409141
6.0 0.678921 0.7437700000000002 0.011494 0.330078
6.0 0.626304 0.6463285000000001 0.010244 0.396563
6.0 0.662178 0.6950785 0.011836 0.382031
6.0 0.694868 0.684355 0.009893 0.420859
0.0 0.381572 0.3493750000000001 0.014805 0.077187
6.0 0.352441 0.437266 0.005371 0.191719
7.0 0.445688 0.43445350000000005 0.008857 0.110156
6.0 0.329712 0.3179680000000001 0.004131 0.097969
0.0 0.021875 0.4464055 0.023457 0.227969
0.0 0.657422 0.882988 0.092383 0.143203
0.0 0.513486 0.7234375000000002 0.043145 0.36875
6.0 0.535654 0.380605 0.002949 0.103828
