6.0 0.069048 0.3149800000000001 0.004053 0.095078
7.0 0.964985 0.35459050000000003 0.005166 0.143359
0.0 0.493755 0.7867180000000001 0.032842 0.272031
0.0 0.503027 0.6680665000000001 0.028711 0.190234
0.0 0.535483 0.461758 0.028584 0.197969
0.0 0.579014 0.5050000000000001 0.018926 0.122969
0.0 0.615576 0.48783250000000006 0.020273 0.110234
0.0 0.640693 0.48033250000000005 0.016504 0.106484
0.0 0.11186 0.40996150000000003 0.021084 0.124531
0.0 0.061392 0.33625000000000005 0.009014 0.085938
0.0 0.126968 0.38886700000000013 0.0221 0.133594
7.0 0.004932 0.4612885 0.007422 0.231094
6.0 0.05896 0.328222 0.005205 0.119766
7.0 0.273125 0.3197845 0.005 0.068516
7.0 0.396372 0.2974615000000001 0.006338 0.101875
6.0 0.506377 0.4655665000000001 0.00498 0.109766
6.0 0.513418 0.4601755000000001 0.005234 0.108359
