0.0 0.534189 0.5884375000000001 0.028926 0.2075
7.0 0.462705 0.4850200000000001 0.00457 0.155859
4.0 0.462598 0.5498245000000002 0.004492 0.112266
6.0 0.565098 0.5600785 0.007227 0.26
6.0 0.7302 0.3878125000000001 0.004248 0.097344
0.0 0.015005 0.672343 0.03001 0.436875
2.0 0.051738 0.31890550000000006 0.016465 0.155781
0.0 0.05041 0.5667580000000001 0.019824 0.215781
0.0 0.072607 0.7255465 0.048027 0.346562
6.0 0.197803 0.3973045000000001 0.003496 0.0925
0.0 0.195024 0.8697459999999999 0.099541 0.173672
0.0 0.393418 0.6835345000000002 0.099062 0.421953
0.0 0.50583 0.7464655 0.033711 0.338047
7.0 0.577231 0.5563870000000002 0.007002 0.307422
4.0 0.577798 0.6616795 0.018623 0.160938
7.0 0.55833 0.5450200000000001 0.008535 0.281641
6.0 0.716475 0.405391 0.00291 0.099062
