0.0 0.633188 0.40656250000000005 0.019014 0.172187
6.0 0.624375 0.33279250000000005 0.004551 0.143828
7.0 0.222856 0.656347 0.01542 0.409766
0.0 0.37438 0.4177540000000001 0.022314 0.123203
7.0 0.134302 0.48988300000000007 0.006064 0.237969
6.0 0.145723 0.49052800000000013 0.00584 0.224766
6.0 0.124458 0.658222 0.00835 0.393203
6.0 0.132041 0.660274 0.007695 0.384844
6.0 0.154668 0.5699215000000002 0.008984 0.360938
6.0 0.21856 0.5460745 0.009717 0.365859
0.0 0.396118 0.30625 0.018721 0.089062
0.0 0.394829 0.3334375000000001 0.018115 0.08625
0.0 0.385322 0.36513700000000004 0.023301 0.130859
