0.0 0.068984 0.439843 0.021406 0.148281
0.0 0.401016 0.6450385000000001 0.036367 0.259063
0.0 0.459473 0.452266 0.014492 0.139062
0.0 0.398994 0.40955050000000004 0.014863 0.094297
6.0 0.384658 0.5348245000000001 0.006035 0.184297
6.0 0.375557 0.5161330000000001 0.00457 0.162969
0.0 0.355977 0.39560500000000004 0.015723 0.094609
0.0 0.38147 0.396895 0.017764 0.087266
0.0 0.009077 0.46087900000000004 0.01417 0.166328
0.0 0.50479 0.5565625000000001 0.015381 0.169375
6.0 0.120952 0.4420705000000001 0.005752 0.172656
0.0 0.028027 0.3125785 0.007031 0.065
6.0 0.108076 0.3985945000000001 0.004902 0.131406
6.0 0.97085 0.3526555 0.003867 0.126563
