0.0 0.982441 0.32160100000000014 0.016563 0.206094
0.0 0.437554 0.5463085000000001 0.021299 0.191641
6.0 0.521265 0.680722 0.018584 0.425703
6.0 0.59145 0.4082620000000001 0.007568 0.235078
0.0 0.005278 0.408907 0.010557 0.15375
0.0 0.4154 0.7198630000000001 0.051953 0.373516
0.0 0.778887 0.7271875000000001 0.145176 0.36375
6.0 0.926006 0.3218365000000001 0.010312 0.31125
0.0 0.914746 0.6676570000000001 0.086504 0.441719
7.0 0.948652 0.5737300000000001 0.014453 0.420703
0.0 0.988823 0.43498000000000003 0.022354 0.310391
0.0 0.458853 0.4083205 0.015068 0.1825
0.0 0.469644 0.4274215 0.013232 0.079375
0.0 0.472056 0.4361530000000001 0.012021 0.076953
