7.0 0.42064 0.49931650000000005 0.006025 0.194141
4.0 0.420117 0.5800000000000001 0.007461 0.107187
6.0 0.46646 0.4370320000000001 0.003896 0.111406
4.0 0.790957 0.5561530000000001 0.009609 0.215234
0.0 0.015239 0.6899215000000001 0.030479 0.413438
0.0 0.048262 0.3772660000000001 0.018145 0.115469
6.0 0.23916 0.7000585 0.008145 0.384297
0.0 0.038906 0.5781250000000001 0.030977 0.29
0.0 0.508701 0.7277155000000001 0.031035 0.341953
0.0 0.521953 0.419395 0.010117 0.082578
0.0 0.508413 0.43205050000000006 0.012666 0.094453
6.0 0.965444 0.325117 0.003936 0.12625
4.0 0.882979 0.4677925 0.022246 0.186484
4.0 0.871646 0.48976600000000003 0.016494 0.164687
4.0 0.835986 0.5252740000000001 0.011836 0.166094
