0.0 0.43397 0.35019550000000005 0.017432 0.114219
0.0 0.518115 0.3109960000000001 0.014746 0.106172
0.0 0.394951 0.4152340000000001 0.021426 0.129062
0.0 0.368916 0.40755850000000005 0.014043 0.087734
0.0 0.475771 0.31755850000000013 0.016406 0.091016
6.0 0.280493 0.7544334999999999 0.008076 0.293828
0.0 0.501401 0.7954494999999999 0.058857 0.272734
0.0 0.480674 0.633262 0.025039 0.265234
0.0 0.340493 0.42625000000000013 0.011182 0.074531
0.0 0.016753 0.7007620000000001 0.033506 0.398984
6.0 0.222212 0.4794535000000001 0.002217 0.071719
6.0 0.230249 0.48332050000000004 0.001963 0.069531
0.0 0.377446 0.40046950000000003 0.016494 0.120469
6.0 0.110933 0.33121150000000005 0.002354 0.064844
0.0 0.988726 0.7003510000000001 0.022549 0.399531
