0.0 0.980986 0.3475585 0.014863 0.160547
0.0 0.971685 0.3002155 0.010557 0.089453
0.0 0.441631 0.7356250000000001 0.038535 0.304531
0.0 0.482905 0.4509175 0.010342 0.094922
2.0 0.011777 0.182617 0.006289 0.081562
2.0 0.017339 0.195274 0.007549 0.107187
0.0 0.010962 0.2562115 0.004971 0.050938
0.0 0.006558 0.2339455 0.004932 0.03125
0.0 0.01043 0.7077925 0.020859 0.389609
0.0 0.992969 0.6354295000000001 0.014062 0.350469
0.0 0.021284 0.36542950000000013 0.01251 0.09
0.0 0.532354 0.5265040000000002 0.021289 0.245859
0.0 0.50481 0.7508005 0.039795 0.332266
0.0 0.505825 0.4471675000000001 0.018643 0.104766
0.0 0.035762 0.4822075 0.024766 0.207578
0.0 0.903926 0.6161530000000002 0.085449 0.503203
0.0 0.516841 0.3421675 0.007842 0.095859
0.0 0.100483 0.7884760000000001 0.070322 0.282031
