0.0 0.643115 0.38417950000000006 0.017676 0.155469
6.0 0.630547 0.3354295000000001 0.004551 0.14375
7.0 0.242881 0.6700000000000002 0.014375 0.402656
0.0 0.385151 0.38511700000000004 0.02167 0.117969
7.0 0.145171 0.503653 0.006064 0.237891
6.0 0.158853 0.5064655000000001 0.00585 0.224766
6.0 0.139722 0.6776755 0.008721 0.396797
6.0 0.147686 0.6793750000000001 0.007695 0.384844
6.0 0.168672 0.5973445000000001 0.00918 0.383281
6.0 0.237324 0.5562115000000001 0.009707 0.365781
0.0 0.40748 0.28790950000000004 0.018359 0.089609
0.0 0.405103 0.32875000000000004 0.018115 0.084375
0.0 0.391572 0.38441350000000013 0.023125 0.129531
