6.0 0.069302 0.3207805 0.004053 0.095156
0.0 0.49374 0.7878325 0.033086 0.271328
0.0 0.503027 0.6680665000000001 0.028711 0.190234
0.0 0.539658 0.4650970000000001 0.028262 0.195234
0.0 0.581621 0.501718 0.019004 0.121406
0.0 0.617461 0.485722 0.020273 0.110234
0.0 0.640674 0.480742 0.016426 0.105156
0.0 0.099897 0.408496 0.020146 0.127422
0.0 0.061392 0.33625000000000005 0.009014 0.085938
0.0 0.126968 0.38886700000000013 0.0221 0.133594
7.0 0.008701 0.4498045 0.008516 0.222344
6.0 0.060483 0.32880850000000006 0.005381 0.122578
7.0 0.276748 0.318613 0.005 0.068516
7.0 0.398179 0.3044335000000001 0.006416 0.104453
6.0 0.50502 0.46398400000000006 0.00498 0.109531
6.0 0.511792 0.4597075 0.005049 0.107266
