0.0 0.594292 0.42748 0.021436 0.118828
0.0 0.012939 0.30777400000000005 0.012598 0.187031
0.0 0.045874 0.6290425000000001 0.03374 0.375859
0.0 0.417339 0.817246 0.0546 0.243672
0.0 0.465737 0.585508 0.019893 0.248437
0.0 0.492817 0.460762 0.009951 0.085234
0.0 0.479482 0.4805080000000001 0.009551 0.107812
0.0 0.00478 0.477754 0.009561 0.205859
7.0 0.061191 0.39167950000000007 0.004863 0.125938
4.0 0.061724 0.47558650000000013 0.005264 0.069219
2.0 0.716797 0.242734 0.203965 0.990313
0.0 0.508848 0.4846675 0.009434 0.123359
