6.0 0.962095 0.25890700000000005 0.002588 0.098438
0.0 0.543818 0.408379 0.013613 0.112266
7.0 0.478428 0.3669535 0.004551 0.05875
7.0 0.491221 0.3942580000000001 0.005937 0.089531
6.0 0.182983 0.6025 0.010752 0.38
6.0 0.622417 0.7466410000000001 0.010088 0.336562
6.0 0.599395 0.6179095 0.008984 0.348203
6.0 0.625181 0.6472075 0.009717 0.354141
6.0 0.638652 0.6670705000000001 0.009453 0.431719
0.0 0.388003 0.3704695 0.014814 0.077187
0.0 0.01748 0.4286530000000001 0.018789 0.190547
6.0 0.330068 0.41066350000000007 0.005371 0.190156
7.0 0.430396 0.4227340000000001 0.008857 0.110156
0.0 0.529448 0.4159375 0.015908 0.141406
6.0 0.348413 0.32570350000000003 0.004131 0.097969
0.0 0.220776 0.8359375000000001 0.104775 0.21875
0.0 0.955869 0.6414070000000001 0.038535 0.357812
0.0 0.513486 0.7234375000000002 0.043145 0.36875
6.0 0.533364 0.3854095000000001 0.002939 0.103828
