4.0 0.550088 0.476641 0.01123 0.096875
0.0 0.045742 0.7117780000000001 0.042891 0.384297
0.0 0.113662 0.560722 0.023691 0.158984
0.0 0.152476 0.451738 0.020693 0.141797
6.0 0.390498 0.4779880000000001 0.003516 0.147578
0.0 0.391489 0.7737700000000002 0.057783 0.301641
0.0 0.464385 0.6698245 0.023906 0.289766
0.0 0.47145 0.435859 0.010049 0.082969
0.0 0.459033 0.40726600000000013 0.009453 0.0675
0.0 0.98418 0.40158250000000006 0.009375 0.097891
6.0 0.880845 0.3803710000000001 0.007725 0.143516
6.0 0.875161 0.3981835000000001 0.005791 0.153984
6.0 0.868877 0.4176370000000001 0.007285 0.249922
4.0 0.609028 0.5248630000000001 0.01542 0.188047
4.0 0.59167 0.5080465000000002 0.013437 0.130938
4.0 0.573838 0.5019535000000002 0.015 0.135625
