6.0 0.069048 0.3149800000000001 0.004053 0.095078
7.0 0.919458 0.690274 0.030654 0.412969
7.0 0.982339 0.365488 0.004912 0.147266
0.0 0.493779 0.7997260000000002 0.032285 0.252969
0.0 0.503027 0.6680665000000001 0.028711 0.190234
0.0 0.484443 0.5024800000000001 0.029375 0.279141
0.0 0.520195 0.5003125 0.018945 0.10875
0.0 0.572251 0.5079880000000001 0.02126 0.110234
0.0 0.620537 0.4914655000000001 0.019238 0.115391
0.0 0.20998 0.3524215000000001 0.012305 0.082187
0.0 0.061392 0.33625000000000005 0.009014 0.085938
0.0 0.126968 0.38886700000000013 0.0221 0.133594
6.0 0.05499 0.30425800000000003 0.00377 0.095625
7.0 0.379419 0.23441350000000005 0.005518 0.075156
6.0 0.521392 0.481738 0.004971 0.110547
6.0 0.528828 0.4644535000000001 0.005293 0.108594
