6.0 0.612559 0.34164100000000003 0.004551 0.14375
0.0 0.618291 0.4401370000000001 0.021035 0.197266
7.0 0.191948 0.6720505000000001 0.01542 0.409766
0.0 0.354233 0.4187500000000001 0.023271 0.130938
7.0 0.117578 0.4406050000000001 0.00584 0.205234
6.0 0.12499 0.48033250000000005 0.00584 0.224766
6.0 0.101519 0.633379 0.007979 0.389609
6.0 0.109097 0.6262885000000001 0.007705 0.377031
6.0 0.133589 0.533008 0.008408 0.311719
6.0 0.19042 0.5309575000000002 0.009707 0.365859
0.0 0.379062 0.33378850000000004 0.019258 0.088281
0.0 0.376333 0.3544720000000001 0.018115 0.086172
0.0 0.366592 0.3751570000000001 0.023301 0.138594
