6.0 0.944365 0.3153910000000001 0.00582 0.182969
6.0 0.898506 0.5416795000000001 0.009727 0.395781
0.0 0.477993 0.4935160000000001 0.009111 0.1075
0.0 0.491362 0.4690825000000001 0.010107 0.102578
0.0 0.018354 0.6891595 0.036064 0.414453
6.0 0.168096 0.5637700000000001 0.006855 0.253359
7.0 0.151733 0.5621290000000001 0.008545 0.265078
0.0 0.201123 0.3049030000000001 0.011777 0.064922
4.0 0.15249 0.6811915000000001 0.017734 0.173359
0.0 0.074219 0.3613285000000001 0.012422 0.066094
0.0 0.101465 0.34199200000000013 0.013848 0.07
0.0 0.017515 0.3194920000000001 0.011201 0.101094
0.0 0.070493 0.3618550000000001 0.009014 0.058359
0.0 0.217993 0.8681634999999999 0.098096 0.175781
2.0 0.601221 0.24080050000000003 0.148926 0.987734
0.0 0.505913 0.6085345000000001 0.018936 0.210859
