7.0 0.942485 0.546601 0.017217 0.604531
6.0 0.537217 0.4827925 0.009355 0.292109
0.0 0.033579 0.5590825 0.021709 0.212891
0.0 0.082168 0.7819719999999999 0.077402 0.290703
0.0 0.337329 0.31884700000000005 0.193701 0.908203
0.0 0.468745 0.6281635000000001 0.029697 0.360469
0.0 0.483433 0.49421950000000003 0.018916 0.212656
6.0 0.066006 0.4410745000000001 0.007344 0.208984
6.0 0.077393 0.4496290000000001 0.007402 0.194141
0.0 0.02626 0.384883 0.017656 0.189375
6.0 0.051333 0.40861300000000006 0.005342 0.166641
6.0 0.047349 0.39607450000000005 0.006963 0.167109
