0.0 0.638154 0.395371 0.01834 0.163828
6.0 0.627461 0.334141 0.004551 0.14375
7.0 0.232866 0.663145 0.014893 0.406172
0.0 0.379766 0.40146550000000003 0.021992 0.120547
7.0 0.140132 0.49486300000000005 0.006064 0.237891
6.0 0.152637 0.49380850000000004 0.00584 0.224766
6.0 0.13209 0.6678910000000001 0.008535 0.395
6.0 0.139863 0.6698245 0.007695 0.384766
6.0 0.161689 0.5822260000000001 0.00918 0.377344
6.0 0.227939 0.5511130000000001 0.009707 0.365859
0.0 0.401797 0.2971090000000001 0.018535 0.089375
0.0 0.400996 0.3264070000000001 0.018125 0.08625
0.0 0.388447 0.3748045000000001 0.023223 0.130156
