0.0 0.483877 0.41699200000000003 0.009902 0.083438
2.0 0.019077 0.20218750000000005 0.007861 0.115156
2.0 0.032002 0.25304650000000006 0.017109 0.189844
0.0 0.021416 0.3663085000000001 0.010977 0.101172
0.0 0.01334 0.30138700000000007 0.00791 0.055859
0.0 0.006963 0.5259760000000001 0.013926 0.19875
0.0 0.995928 0.4980865 0.008145 0.239688
0.0 0.07312 0.7508005 0.050439 0.327578
0.0 0.917085 0.6811915000000001 0.077705 0.422422
0.0 0.50481 0.7508005 0.039795 0.332266
0.0 0.505825 0.4471675000000001 0.018643 0.104766
0.0 0.413232 0.7885945 0.064746 0.281875
7.0 0.595425 0.2090425 0.00251 0.084297
7.0 0.57729 0.3670705 0.005088 0.13
0.0 0.980728 0.3664255000000001 0.015596 0.175547
0.0 0.517495 0.36367150000000004 0.007783 0.092969
0.0 0.534224 0.477754 0.01958 0.284922
0.0 0.469116 0.5491795 0.021045 0.202656
