0.0 0.951001 0.6935545000000002 0.042197 0.408594
0.0 0.675571 0.4941595 0.013506 0.130703
6.0 0.369131 0.39367150000000006 0.007578 0.136563
4.0 0.36916 0.596407 0.006816 0.123906
6.0 0.853828 0.6710545000000001 0.01291 0.430312
6.0 0.843838 0.6909760000000001 0.010449 0.412031
0.0 0.975386 0.5791210000000001 0.019873 0.351328
6.0 0.718311 0.44095750000000006 0.004004 0.143516
0.0 0.633452 0.7379695000000001 0.039209 0.34
7.0 0.794473 0.6336715000000002 0.016563 0.488437
4.0 0.791396 0.882988 0.020879 0.156016
7.0 0.777139 0.6775585000000002 0.025879 0.429922
6.0 0.72606 0.46292950000000005 0.004443 0.143281
