6.0 0.11479 0.4982035 0.008916 0.292813
6.0 0.555171 0.6610930000000002 0.010088 0.34
6.0 0.54605 0.5725585000000001 0.00708 0.240859
6.0 0.565825 0.5690425 0.006494 0.264453
6.0 0.571108 0.5654680000000002 0.006553 0.2975
0.0 0.453076 0.43093750000000003 0.023027 0.146406
0.0 0.463965 0.593476 0.023672 0.288594
6.0 0.28835 0.35294950000000014 0.005371 0.184141
7.0 0.282476 0.3115825 0.008857 0.110078
0.0 0.381055 0.36718750000000006 0.015937 0.146406
6.0 0.418247 0.35752 0.004131 0.121484
0.0 0.977803 0.26294950000000006 0.005508 0.048359
0.0 0.513486 0.7234375000000002 0.043145 0.36875
6.0 0.523345 0.34779250000000006 0.002939 0.067578
