6.0 0.062705 0.4042180000000001 0.007637 0.200313
6.0 0.08501 0.47042950000000006 0.00791 0.302969
6.0 0.941343 0.465859 0.012432 0.41375
6.0 0.817676 0.5519335000000002 0.016328 0.556797
6.0 0.513442 0.4131835000000001 0.005713 0.135547
6.0 0.093643 0.5424415000000001 0.008398 0.272578
6.0 0.110728 0.5749615 0.007529 0.342969
6.0 0.10436 0.5268550000000001 0.007939 0.280234
6.0 0.125684 0.5620705 0.008789 0.305781
6.0 0.135376 0.6330280000000001 0.00749 0.289922
6.0 0.148174 0.686347 0.010488 0.315078
6.0 0.174282 0.6749800000000001 0.012568 0.433359
6.0 0.159404 0.6395905000000002 0.012266 0.440859
6.0 0.189624 0.6778510000000001 0.010361 0.395
6.0 0.211597 0.6518950000000001 0.009541 0.405391
6.0 0.227393 0.70252 0.013418 0.396641
6.0 0.245249 0.7464655 0.011455 0.338047
6.0 0.270298 0.7793364999999999 0.010967 0.286406
6.0 0.261279 0.7304680000000001 0.010566 0.351094
6.0 0.296489 0.7618165 0.010615 0.309297
6.0 0.312427 0.7527925 0.0104 0.324609
6.0 0.331958 0.7026955 0.005361 0.329688
6.0 0.864819 0.5029495000000002 0.021768 0.652422
6.0 0.845073 0.4975585000000001 0.018174 0.669922
6.0 0.81897 0.4931050000000001 0.022373 0.675859
6.0 0.794282 0.6412300000000002 0.023623 0.478359
6.0 0.733369 0.5542780000000002 0.026816 0.594297
6.0 0.70333 0.5575 0.034355 0.59
6.0 0.627168 0.6715825000000002 0.020898 0.429609
6.0 0.661475 0.5800585 0.023535 0.542734
6.0 0.606846 0.6959575000000001 0.015527 0.405391
6.0 0.597319 0.6534760000000001 0.017979 0.462031
6.0 0.567612 0.591367 0.011006 0.4875
6.0 0.586577 0.6547660000000001 0.018369 0.414531
6.0 0.555503 0.5876170000000001 0.010947 0.456094
6.0 0.337896 0.6656635000000002 0.008389 0.428281
6.0 0.389092 0.6121675000000001 0.010313 0.346484
6.0 0.349082 0.7062115000000001 0.009121 0.391719
6.0 0.359678 0.6907420000000001 0.011172 0.412344
6.0 0.362793 0.6555280000000001 0.010996 0.443359
6.0 0.37834 0.699238 0.010781 0.380078
6.0 0.967075 0.33929650000000006 0.004697 0.162187
