0.0 0.021484 0.6747460000000001 0.035352 0.433672
0.0 0.035879 0.44968750000000013 0.017168 0.157969
2.0 0.069927 0.3987115000000001 0.023838 0.295781
0.0 0.081787 0.7362115000000001 0.046953 0.351719
0.0 0.182446 0.8205280000000001 0.113311 0.239297
6.0 0.206289 0.3888085000000001 0.003906 0.115547
0.0 0.401411 0.7936915 0.07335 0.275078
0.0 0.454077 0.6728710000000001 0.039912 0.436172
0.0 0.499307 0.7412500000000001 0.040117 0.345
7.0 0.55291 0.5167780000000001 0.006211 0.237266
4.0 0.55436 0.5927740000000001 0.01374 0.117969
7.0 0.541099 0.4791595000000001 0.005361 0.179141
6.0 0.684038 0.45250000000000007 0.002998 0.092344
