6.0 0.408262 0.705157 0.015215 0.371406
7.0 0.597583 0.3708790000000001 0.009326 0.194922
6.0 0.582241 0.5425 0.011885 0.337656
0.0 0.005166 0.41611300000000007 0.010332 0.211953
0.0 0.006597 0.386407 0.011182 0.132969
0.0 0.449517 0.5787700000000001 0.02501 0.266328
0.0 0.862734 0.6875785 0.133301 0.416562
6.0 0.865527 0.4834960000000001 0.014941 0.549609
0.0 0.963003 0.5177155000000001 0.034678 0.319609
7.0 0.981763 0.3411715 0.007803 0.159062
0.0 0.995093 0.379903 0.009814 0.236953
0.0 0.458853 0.38165950000000004 0.015068 0.162734
0.0 0.486782 0.3937885000000001 0.013232 0.079375
0.0 0.473687 0.40451200000000004 0.012021 0.076953
