6.0 0.979658 0.28328200000000003 0.003574 0.081563
0.0 0.012485 0.304141 0.007178 0.083906
0.0 0.026475 0.3343750000000001 0.018145 0.25625
0.0 0.291357 0.8087500000000002 0.106934 0.255
0.0 0.470962 0.621484 0.018486 0.192187
0.0 0.481782 0.4791010000000001 0.010732 0.117344
0.0 0.005903 0.4856050000000001 0.011807 0.221953
7.0 0.073262 0.4104295 0.005664 0.143594
4.0 0.073091 0.47089900000000007 0.005166 0.083594
2.0 0.625181 0.2751955 0.127959 0.959375
0.0 0.512676 0.4953910000000001 0.010371 0.138437
