0.0 0.979141 0.446875 0.019629 0.114062
0.0 0.98645 0.4096675000000001 0.020205 0.119922
6.0 0.14626 0.5167780000000001 0.005605 0.184297
6.0 0.172817 0.3892780000000001 0.006553 0.168516
6.0 0.17877 0.38617150000000006 0.006523 0.171406
6.0 0.242822 0.4990825 0.004785 0.103828
6.0 0.250283 0.48935500000000004 0.004316 0.101172
6.0 0.768477 0.4580080000000001 0.008086 0.264844
6.0 0.760513 0.46298800000000007 0.006924 0.267578
6.0 0.753579 0.45542950000000004 0.008018 0.244844
6.0 0.844214 0.6344920000000001 0.017686 0.484687
5.0 0.707119 0.6881050000000002 0.008496 0.269453
5.0 0.939214 0.765157 0.013174 0.313125
5.0 0.719185 0.5780080000000001 0.006592 0.205156
5.0 0.724683 0.5378125000000001 0.005674 0.170781
5.0 0.835459 0.8093364999999999 0.007129 0.254219
5.0 0.831079 0.8079879999999999 0.005967 0.254297
5.0 0.824312 0.8067579999999999 0.007236 0.257656
5.0 0.806304 0.7727155 0.016592 0.303047
