0.0 0.441714 0.3418165000000001 0.017139 0.112109
0.0 0.504878 0.33923800000000004 0.019893 0.137109
0.0 0.375283 0.4288285 0.02127 0.1225
0.0 0.378149 0.40158250000000006 0.014502 0.093672
0.0 0.483838 0.307657 0.015645 0.087813
6.0 0.278354 0.7506250000000001 0.007393 0.293594
0.0 0.501401 0.7954494999999999 0.058857 0.272734
0.0 0.480674 0.633262 0.025039 0.265234
0.0 0.346831 0.433282 0.012354 0.09125
0.0 0.016758 0.7007620000000001 0.033516 0.398984
6.0 0.222686 0.47986300000000004 0.002227 0.072734
6.0 0.230679 0.484141 0.001963 0.069531
0.0 0.387432 0.3954295 0.016504 0.119844
6.0 0.111812 0.3303910000000001 0.002354 0.064844
0.0 0.988726 0.7003510000000001 0.022549 0.399531
