0.0 0.476514 0.578476 0.011621 0.129063
0.0 0.168438 0.4836715 0.01791 0.096094
0.0 0.182764 0.453847 0.016211 0.090703
6.0 0.268921 0.513847 0.006162 0.156016
6.0 0.344014 0.404395 0.007227 0.158047
6.0 0.348911 0.39355450000000003 0.006182 0.161406
6.0 0.447764 0.5357035000000001 0.004082 0.104844
6.0 0.460083 0.4996675 0.004307 0.107266
6.0 0.046055 0.441367 0.005547 0.162031
6.0 0.04165 0.4272460000000001 0.003848 0.162422
6.0 0.036816 0.4426555000000001 0.00627 0.1575
6.0 0.075337 0.46398400000000006 0.006533 0.192031
