6.0 0.96165 0.25943350000000004 0.002598 0.100391
0.0 0.534702 0.39759700000000003 0.017842 0.120391
7.0 0.468081 0.3627925000000001 0.004541 0.058828
7.0 0.471523 0.394375 0.006055 0.095625
6.0 0.195508 0.6218950000000001 0.011973 0.396328
6.0 0.637666 0.747109 0.010449 0.334219
6.0 0.606392 0.6291010000000001 0.009346 0.362031
6.0 0.634507 0.6593950000000001 0.010322 0.362109
6.0 0.651826 0.668653 0.009902 0.441797
0.0 0.385991 0.36367150000000004 0.014814 0.077187
0.0 0.008374 0.3479680000000001 0.01208 0.156875
6.0 0.336299 0.420274 0.005371 0.191719
7.0 0.437285 0.41951200000000005 0.008848 0.110078
0.0 0.54833 0.4098445 0.005098 0.141406
6.0 0.341851 0.3218365000000001 0.004131 0.097969
0.0 0.08835 0.7257220000000001 0.079375 0.345078
0.0 0.934512 0.7227925000000001 0.058203 0.330078
0.0 0.513486 0.7234375000000002 0.043145 0.36875
6.0 0.534019 0.384004 0.002939 0.103828
