0.0 0.971641 0.319726 0.010469 0.100781
0.0 0.905483 0.6685930000000001 0.045732 0.345
0.0 0.799663 0.6436915000000002 0.164561 0.470391
0.0 0.534111 0.5429680000000001 0.023945 0.244063
0.0 0.547266 0.449278 0.013242 0.179297
0.0 0.025493 0.3768550000000001 0.012158 0.112109
0.0 0.068882 0.7319335000000001 0.045439 0.357422
0.0 0.420488 0.7996090000000001 0.054063 0.267188
0.0 0.012695 0.7203910000000001 0.025391 0.372812
0.0 0.991602 0.6988285000000001 0.016797 0.401563
0.0 0.006685 0.2325385 0.003701 0.032656
0.0 0.50481 0.7508005 0.039795 0.332266
0.0 0.505825 0.4471675000000001 0.018643 0.104766
0.0 0.010703 0.25750000000000006 0.004668 0.047813
0.0 0.515542 0.3343750000000001 0.007744 0.091406
0.0 0.015327 0.2983990000000001 0.007178 0.065625
