6.0 0.403062 0.6782035000000001 0.008232 0.349219
6.0 0.422212 0.5779495 0.007822 0.212891
7.0 0.176074 0.530605 0.008438 0.294297
5.0 0.74293 0.32875000000000004 0.009961 0.248438
4.0 0.707378 0.38212900000000005 0.012959 0.249453
4.0 0.674673 0.28627 0.010732 0.261016
6.0 0.730098 0.5275585 0.022031 0.627422
7.0 0.167178 0.5322460000000001 0.008418 0.294453
6.0 0.515283 0.5001955 0.005957 0.172656
6.0 0.526123 0.45595750000000007 0.006855 0.139922
4.0 0.170806 0.6385930000000001 0.022705 0.18125
