0.0 0.466025 0.48261700000000013 0.013242 0.125781
0.0 0.031323 0.319609 0.007021 0.062344
0.0 0.039297 0.35002 0.008379 0.087422
0.0 0.064062 0.45273400000000014 0.016875 0.135938
2.0 0.264453 0.5242195000000001 0.192383 0.628125
2.0 0.387002 0.44253850000000006 0.109961 0.488281
6.0 0.135586 0.5298430000000001 0.005937 0.203438
6.0 0.141162 0.5051755 0.005176 0.167578
0.0 0.138047 0.38171800000000006 0.018086 0.115
0.0 0.451621 0.4946875 0.013281 0.122188
0.0 0.407593 0.745117 0.040576 0.338281
0.0 0.112271 0.5864455000000001 0.038604 0.295156
6.0 0.257061 0.5582035000000001 0.005645 0.256406
6.0 0.564497 0.41804650000000004 0.004717 0.126875
0.0 0.007075 0.492637 0.01415 0.178828
0.0 0.507109 0.5640625 0.016211 0.155938
