0.0 0.019941 0.6707620000000001 0.038652 0.438984
2.0 0.065942 0.35974600000000007 0.020205 0.236016
0.0 0.075181 0.7257220000000001 0.039033 0.365703
0.0 0.143706 0.7925200000000001 0.10751 0.276641
6.0 0.208291 0.381601 0.003555 0.096406
0.0 0.379985 0.8174800000000001 0.083564 0.243359
0.0 0.447217 0.6750385000000001 0.048535 0.433281
0.0 0.502739 0.7433005000000001 0.035869 0.342266
7.0 0.558076 0.53002 0.006523 0.255234
4.0 0.558604 0.6022075000000001 0.014102 0.134922
7.0 0.544272 0.46638700000000005 0.005908 0.150234
6.0 0.68957 0.4321090000000001 0.003086 0.08875
