0.0 0.605264 0.4272460000000001 0.02166 0.134766
0.0 0.633115 0.417988 0.017988 0.138516
0.0 0.025059 0.46539100000000005 0.018398 0.215938
0.0 0.231641 0.9394135 0.0625 0.080781
0.0 0.437681 0.7269535 0.037666 0.364062
0.0 0.487686 0.48408250000000014 0.010645 0.089922
0.0 0.470117 0.5158990000000001 0.011367 0.129531
0.0 0.004077 0.47289100000000006 0.008154 0.195781
7.0 0.053174 0.374395 0.004473 0.119766
4.0 0.053169 0.4423045 0.004736 0.079063
2.0 0.773296 0.2633005 0.209404 0.982266
0.0 0.5054 0.47792950000000006 0.008848 0.113906
