7.0 0.250854 0.4871875 0.00417 0.084219
0.0 0.396724 0.387403 0.0179 0.116328
0.0 0.473223 0.34023400000000004 0.019609 0.120313
0.0 0.350991 0.3949615 0.023818 0.152813
0.0 0.446172 0.3505465 0.016934 0.095156
0.0 0.498228 0.26898400000000006 0.016494 0.119531
6.0 0.294531 0.7696675 0.004141 0.294766
0.0 0.501401 0.7954494999999999 0.058857 0.272734
0.0 0.480674 0.633262 0.025039 0.265234
0.0 0.016729 0.7007620000000001 0.033457 0.398984
6.0 0.220337 0.4779880000000001 0.002217 0.067578
6.0 0.228511 0.4800385000000001 0.001963 0.069531
0.0 0.988726 0.7003510000000001 0.022549 0.399531
