0.0 0.968003 0.7000000000000002 0.03751 0.4
0.0 0.694141 0.5261530000000001 0.010625 0.153516
6.0 0.847324 0.68623 0.015508 0.418359
6.0 0.832227 0.6925585000000002 0.012246 0.409922
6.0 0.743911 0.4464055 0.004053 0.135625
6.0 0.116567 0.339532 0.002861 0.065
0.0 0.012456 0.5929495 0.024912 0.425547
0.0 0.634624 0.7402540000000001 0.046768 0.338203
7.0 0.779526 0.6335545000000001 0.017842 0.488594
4.0 0.782065 0.9051370000000001 0.019404 0.126484
7.0 0.745991 0.6777925 0.026318 0.429609
6.0 0.749971 0.457363 0.004453 0.136172
