6.0 0.621289 0.33150400000000013 0.004551 0.143828
0.0 0.628223 0.4177540000000001 0.019687 0.180547
7.0 0.212554 0.6616210000000001 0.01542 0.409766
0.0 0.367666 0.41804650000000004 0.022637 0.125781
7.0 0.128472 0.4849030000000001 0.006064 0.237891
6.0 0.138809 0.487129 0.00584 0.224766
6.0 0.116826 0.6484375000000001 0.008164 0.391406
6.0 0.124219 0.6507220000000001 0.007695 0.384766
6.0 0.147642 0.557617 0.008799 0.344531
6.0 0.20918 0.5410345 0.009707 0.365859
0.0 0.39043 0.3154495000000001 0.018906 0.088828
0.0 0.388662 0.3404680000000001 0.018125 0.08625
0.0 0.379082 0.36847600000000014 0.023301 0.133438
