6.0 0.095063 0.4990825 0.012236 0.301328
6.0 0.154238 0.6255865000000002 0.012559 0.447656
6.0 0.18894 0.6548245 0.007939 0.395078
6.0 0.779824 0.5557420000000001 0.025508 0.592344
6.0 0.638799 0.5248630000000001 0.01125 0.468672
6.0 0.1723 0.6412300000000002 0.011689 0.441172
6.0 0.18853 0.6509575000000001 0.008271 0.389297
6.0 0.196484 0.7091995000000001 0.010371 0.387734
6.0 0.213828 0.7243750000000001 0.013086 0.356406
6.0 0.223228 0.7012885000000001 0.011689 0.398281
6.0 0.238926 0.709258 0.011387 0.386094
6.0 0.255776 0.748399 0.009971 0.329844
6.0 0.280854 0.7284760000000001 0.013369 0.3075
6.0 0.299028 0.6913285000000001 0.009932 0.411563
6.0 0.311738 0.6990040000000002 0.009727 0.401328
6.0 0.314702 0.6897460000000001 0.010283 0.413672
6.0 0.328018 0.6974215000000001 0.010352 0.386563
6.0 0.346182 0.6218950000000001 0.009004 0.331016
6.0 0.368345 0.6591595000000001 0.01249 0.352734
6.0 0.36897 0.645391 0.010439 0.258906
6.0 0.383481 0.6568165 0.012998 0.270703
6.0 0.389102 0.6154495000000001 0.010566 0.303359
6.0 0.395562 0.6298045 0.008057 0.24
6.0 0.402061 0.6238870000000001 0.007207 0.243047
6.0 0.583149 0.5761915000000001 0.013447 0.529297
6.0 0.590854 0.5686915000000001 0.013564 0.538672
6.0 0.568833 0.6379495000000001 0.010342 0.418203
6.0 0.551162 0.5992180000000001 0.013691 0.440937
6.0 0.95291 0.4056835000000001 0.006445 0.239922
