0.0 0.989189 0.32669950000000003 0.016465 0.181172
6.0 0.47876 0.680722 0.018574 0.425703
7.0 0.613398 0.2654095 0.006504 0.138359
6.0 0.591792 0.4192180000000001 0.00876 0.262188
0.0 0.0054 0.4175785000000001 0.010801 0.149687
0.0 0.443809 0.6203125 0.030391 0.26875
0.0 0.794487 0.7294720000000001 0.144404 0.360703
6.0 0.91499 0.38851600000000003 0.011992 0.399375
0.0 0.912524 0.6994135000000001 0.081592 0.398594
7.0 0.955464 0.5016010000000002 0.011846 0.334219
0.0 0.989873 0.4383205 0.020254 0.314844
0.0 0.458853 0.3953125000000001 0.015068 0.1825
0.0 0.470396 0.418399 0.013232 0.079375
0.0 0.472563 0.4263085 0.012021 0.076953
