6.0 0.367549 0.5988085000000002 0.007812 0.309922
6.0 0.405962 0.6114655000000001 0.007119 0.302422
6.0 0.421807 0.6088870000000001 0.008086 0.326016
6.0 0.426616 0.59752 0.005791 0.257266
6.0 0.578291 0.47962900000000014 0.00957 0.307109
6.0 0.58332 0.4146490000000001 0.008145 0.216094
6.0 0.434175 0.5937700000000001 0.006904 0.271484
6.0 0.440273 0.586972 0.00793 0.292891
6.0 0.448027 0.5636530000000001 0.009219 0.270078
6.0 0.4577 0.5493550000000001 0.00876 0.173359
6.0 0.466743 0.5362885000000001 0.007451 0.218125
6.0 0.472236 0.5120305000000002 0.006563 0.200625
6.0 0.027798 0.3374800000000001 0.005791 0.170859
6.0 0.71749 0.6100585000000001 0.029316 0.519922
