0.0 0.989961 0.325528 0.016055 0.177734
6.0 0.473091 0.680722 0.018584 0.425703
7.0 0.611621 0.2715040000000001 0.006504 0.138359
6.0 0.59168 0.4254295 0.008828 0.265781
0.0 0.0054 0.41675800000000013 0.010801 0.148594
0.0 0.444424 0.6127540000000001 0.029531 0.276797
0.0 0.797979 0.7268365000000001 0.143477 0.364219
6.0 0.913521 0.39736300000000013 0.012217 0.411172
0.0 0.915522 0.6954295000000001 0.07876 0.404062
7.0 0.956592 0.4885345000000001 0.011445 0.320547
0.0 0.99001 0.43720750000000014 0.01998 0.313359
0.0 0.458853 0.394492 0.015068 0.18125
0.0 0.470498 0.4172260000000001 0.013223 0.079375
0.0 0.472632 0.42490300000000003 0.012021 0.076953
