0.0 0.55876 0.5948245 0.027207 0.207422
7.0 0.446338 0.5610745 0.006543 0.247734
4.0 0.445688 0.632851 0.006514 0.169063
6.0 0.582085 0.6278710000000001 0.008701 0.342734
6.0 0.741899 0.40357450000000006 0.004072 0.103047
0.0 0.013394 0.6731050000000002 0.026787 0.435859
2.0 0.045273 0.3129880000000001 0.014727 0.135391
0.0 0.041313 0.5115040000000002 0.012217 0.152422
0.0 0.057305 0.6347845 0.031055 0.274609
6.0 0.190508 0.37873000000000007 0.00332 0.086328
0.0 0.107671 0.790234 0.08585 0.279687
0.0 0.313193 0.690157 0.150078 0.413125
0.0 0.509204 0.7445320000000001 0.035537 0.340625
7.0 0.594941 0.608476 0.009102 0.393906
4.0 0.598472 0.7377340000000001 0.023115 0.224219
7.0 0.572485 0.6088870000000001 0.008936 0.353672
6.0 0.732773 0.4157035000000001 0.003379 0.104062
