0.0 0.020469 0.7068550000000001 0.04041 0.390859
6.0 0.202476 0.6324415000000001 0.006455 0.287422
7.0 0.143896 0.5123830000000001 0.006738 0.179375
0.0 0.171196 0.3245905 0.012803 0.074922
4.0 0.143066 0.6893365000000001 0.010937 0.172188
0.0 0.074419 0.3613285000000001 0.012412 0.066094
0.0 0.078682 0.39209050000000006 0.01541 0.075703
0.0 0.019819 0.34720750000000006 0.010303 0.096172
0.0 0.026641 0.4435945000000001 0.01373 0.133906
0.0 0.055532 0.40656250000000005 0.011729 0.087813
0.0 0.444609 0.6763285000000001 0.028379 0.246719
2.0 0.753091 0.24566350000000006 0.383115 0.994219
0.0 0.505215 0.683125 0.030723 0.284688
