0.0 0.989883 0.2501755000000001 0.006934 0.077578
6.0 0.959883 0.2617180000000001 0.002598 0.107813
6.0 0.96292 0.26042950000000004 0.002578 0.105781
0.0 0.513384 0.3823045000000001 0.007998 0.093594
7.0 0.427559 0.34023400000000004 0.004434 0.05875
7.0 0.382163 0.3528325000000001 0.005811 0.100859
6.0 0.532202 0.38107450000000004 0.003525 0.081641
6.0 0.25438 0.665254 0.011416 0.410547
6.0 0.711328 0.749395 0.012129 0.327578
6.0 0.641167 0.6439255 0.010771 0.417266
6.0 0.683447 0.7091995000000001 0.012324 0.387734
6.0 0.721982 0.6895120000000001 0.009902 0.413516
0.0 0.381362 0.3513670000000001 0.014814 0.077188
6.0 0.362129 0.44746150000000007 0.005371 0.191719
7.0 0.446592 0.42877 0.008848 0.110078
6.0 0.324351 0.31152400000000013 0.004131 0.097969
0.0 0.007925 0.35728450000000006 0.012178 0.158516
0.0 0.577803 0.778282 0.059785 0.259375
0.0 0.513486 0.7234375000000002 0.043145 0.36875
6.0 0.536631 0.37861300000000003 0.002949 0.103828
