6.0 0.058979 0.38822200000000007 0.007295 0.185547
6.0 0.076406 0.44353450000000005 0.007695 0.277891
6.0 0.949316 0.45097600000000004 0.011816 0.350781
6.0 0.854766 0.5259760000000001 0.015273 0.530469
6.0 0.514561 0.4251370000000001 0.006035 0.143828
6.0 0.082876 0.5044720000000001 0.007432 0.243516
6.0 0.096577 0.524746 0.007529 0.306328
6.0 0.091182 0.48877000000000004 0.00793 0.244766
6.0 0.111709 0.5451955 0.008789 0.279062
6.0 0.120728 0.5791795000000001 0.006592 0.257344
6.0 0.15374 0.6450970000000001 0.010059 0.393516
6.0 0.1354 0.6135160000000001 0.012656 0.422656
6.0 0.162793 0.6391795000000001 0.010352 0.395
6.0 0.182607 0.6383005 0.009551 0.397266
6.0 0.194287 0.6839455000000001 0.012187 0.421406
6.0 0.212944 0.7464655 0.012432 0.338047
6.0 0.238413 0.7738285 0.010967 0.299687
6.0 0.226621 0.7214455000000002 0.010566 0.361875
6.0 0.26603 0.7655664999999999 0.010615 0.312578
6.0 0.283315 0.7498630000000002 0.012861 0.324609
6.0 0.30543 0.7243165000000001 0.005371 0.344141
6.0 0.904443 0.5357620000000001 0.018555 0.618984
6.0 0.889346 0.49433650000000007 0.018184 0.674219
6.0 0.871553 0.49632850000000006 0.017715 0.671563
6.0 0.865381 0.6090040000000001 0.023633 0.521328
6.0 0.794536 0.5542780000000002 0.025088 0.589141
6.0 0.797236 0.570391 0.034355 0.572812
6.0 0.667578 0.6865240000000001 0.020898 0.417969
6.0 0.732852 0.5832805000000001 0.025703 0.555625
6.0 0.715474 0.5650000000000001 0.023271 0.58
6.0 0.638682 0.7049800000000002 0.016055 0.393359
6.0 0.632607 0.6414655000000001 0.023945 0.469453
6.0 0.58354 0.592363 0.013975 0.543516
6.0 0.610703 0.6821875000000001 0.019648 0.42375
6.0 0.600024 0.5942965000000001 0.01335 0.502812
6.0 0.568647 0.6027925000000002 0.013018 0.506172
6.0 0.553447 0.52873 0.009941 0.243516
6.0 0.547393 0.4840240000000001 0.006523 0.263281
6.0 0.311577 0.6708205 0.008389 0.438906
6.0 0.371636 0.6449800000000001 0.01042 0.379297
6.0 0.32103 0.7162885000000001 0.0104 0.378281
6.0 0.331938 0.6929680000000001 0.011182 0.409375
6.0 0.317397 0.6772075000000001 0.007334 0.406172
6.0 0.339082 0.6633205000000001 0.009727 0.443438
6.0 0.34832 0.7135945 0.010781 0.376563
6.0 0.354585 0.6874030000000001 0.006709 0.416797
6.0 0.969189 0.33226600000000006 0.004199 0.152812
