0.0 0.506475 0.5335945000000001 0.013047 0.151094
0.0 0.008267 0.49427800000000005 0.016533 0.269609
0.0 0.057827 0.6824215000000001 0.04374 0.358906
0.0 0.263569 0.5440825 0.012705 0.137734
0.0 0.324243 0.6547660000000001 0.02665 0.180312
0.0 0.293086 0.467851 0.012715 0.114844
0.0 0.282632 0.35962900000000003 0.012295 0.068828
0.0 0.43356 0.8025970000000001 0.048174 0.260703
0.0 0.486602 0.5052340000000001 0.011523 0.124688
0.0 0.333286 0.5269135000000001 0.030439 0.190312
0.0 0.654067 0.381895 0.015615 0.128984
