7.0 0.0048 0.37292950000000014 0.006357 0.189375
6.0 0.071265 0.34925800000000007 0.004053 0.095156
0.0 0.493716 0.7904694999999999 0.033643 0.269375
0.0 0.503027 0.6680665000000001 0.028711 0.190234
0.0 0.54668 0.46697200000000005 0.027539 0.188828
0.0 0.587344 0.4996675 0.019199 0.117891
0.0 0.617925 0.48507850000000013 0.019932 0.107812
0.0 0.64062 0.4816795 0.016221 0.102031
0.0 0.076509 0.3959575 0.020146 0.137422
0.0 0.061392 0.33625000000000005 0.009014 0.085938
0.0 0.126968 0.38886700000000013 0.0221 0.133594
7.0 0.014146 0.44834050000000003 0.008506 0.161016
6.0 0.063862 0.33279250000000005 0.005654 0.127266
7.0 0.285186 0.31585900000000006 0.005 0.068438
7.0 0.404404 0.3254680000000001 0.006504 0.107031
6.0 0.501855 0.4604095 0.00498 0.108984
6.0 0.508013 0.4585930000000001 0.004639 0.105
