6.0 0.962974 0.25773400000000013 0.002588 0.094687
7.0 0.499814 0.3692965000000001 0.004551 0.05875
7.0 0.526001 0.3863470000000001 0.005107 0.073047
6.0 0.157935 0.5637700000000001 0.008311 0.347266
6.0 0.604473 0.7266595 0.010098 0.347891
6.0 0.585405 0.5956450000000001 0.008271 0.320547
6.0 0.607837 0.6211915000000001 0.008506 0.338203
6.0 0.615054 0.6613285000000001 0.008369 0.404219
0.0 0.396948 0.3870505 0.015322 0.088203
0.0 0.050986 0.6470305000000001 0.043242 0.335156
6.0 0.317598 0.3914455 0.005371 0.187031
7.0 0.41104 0.410488 0.008857 0.110078
0.0 0.484629 0.423847 0.016602 0.127891
6.0 0.361538 0.3336715 0.004131 0.097969
0.0 0.435903 0.7506835 0.056787 0.321328
0.0 0.978325 0.4173445 0.019189 0.207344
0.0 0.513486 0.7234375000000002 0.043145 0.36875
6.0 0.532061 0.38810500000000003 0.002949 0.103828
