0.0 0.448008 0.7875384999999999 0.04207 0.279219
7.0 0.475068 0.4452925 0.004102 0.091641
4.0 0.475557 0.49632850000000006 0.003848 0.079375
6.0 0.227847 0.4727155 0.006162 0.153203
6.0 0.317437 0.3876955000000001 0.007217 0.169844
6.0 0.325176 0.3684175000000001 0.006582 0.173203
6.0 0.445869 0.55252 0.004082 0.132891
6.0 0.462241 0.482149 0.005107 0.121406
6.0 0.04644 0.4398445 0.0054 0.1375
6.0 0.042627 0.4187500000000001 0.003613 0.151562
6.0 0.038784 0.42871150000000013 0.004912 0.146094
6.0 0.066548 0.42759700000000006 0.004854 0.163203
