7.0 0.24918 0.48636700000000005 0.004141 0.0825
0.0 0.391953 0.39677800000000013 0.018086 0.121484
0.0 0.481743 0.3309175000000001 0.019072 0.117109
0.0 0.358921 0.39748 0.024561 0.163359
0.0 0.442471 0.35470750000000006 0.016992 0.095703
0.0 0.494663 0.2732035 0.016982 0.122031
6.0 0.297148 0.7696675 0.00373 0.293359
0.0 0.501401 0.7954494999999999 0.058857 0.272734
0.0 0.480674 0.633262 0.025039 0.265234
0.0 0.016729 0.7007620000000001 0.033457 0.398984
6.0 0.220103 0.477754 0.002217 0.067109
6.0 0.228296 0.4796875 0.001963 0.069531
0.0 0.988726 0.7003510000000001 0.022549 0.399531
