7.0 0.423965 0.4934575000000001 0.005859 0.188359
4.0 0.423794 0.571972 0.007314 0.103203
6.0 0.46729 0.4356250000000001 0.003896 0.110469
4.0 0.785635 0.5561530000000001 0.009609 0.215234
0.0 0.015146 0.6893950000000001 0.030293 0.414141
0.0 0.050303 0.38218750000000007 0.018848 0.121875
6.0 0.247427 0.7018165000000001 0.0096 0.387109
0.0 0.040444 0.5921875000000001 0.031572 0.294687
0.0 0.508691 0.7229680000000002 0.030742 0.337813
0.0 0.52209 0.41951200000000005 0.010117 0.082578
0.0 0.508521 0.4305280000000001 0.012529 0.093359
6.0 0.965186 0.3269335000000001 0.004004 0.127891
4.0 0.881055 0.4709575000000001 0.023047 0.189766
4.0 0.868042 0.4924615000000001 0.017432 0.166719
4.0 0.831914 0.529609 0.011875 0.1675
