0.0 0.615347 0.42560500000000007 0.023662 0.148672
0.0 0.643306 0.3896875000000001 0.01708 0.116875
0.0 0.017085 0.39748 0.012314 0.150234
0.0 0.082227 0.7760545000000001 0.064648 0.298594
0.0 0.383252 0.7850199999999999 0.076074 0.286641
0.0 0.48374 0.48730450000000003 0.010254 0.099219
0.0 0.460137 0.561484 0.016563 0.1675
0.0 0.475332 0.4446490000000001 0.007559 0.066094
0.0 0.003516 0.4689655000000001 0.007031 0.187734
7.0 0.048311 0.381484 0.004473 0.116875
4.0 0.048247 0.4369135 0.004307 0.075781
2.0 0.809946 0.3008005 0.185713 0.932266
0.0 0.502646 0.4725385000000001 0.008379 0.106406
