6.0 0.07812 0.441367 0.008311 0.237031
6.0 0.121875 0.5682805000000001 0.010391 0.392031
6.0 0.874126 0.5593165000000001 0.024014 0.587578
6.0 0.689385 0.5743165000000001 0.014551 0.552734
6.0 0.140752 0.6460345000000001 0.010371 0.403828
6.0 0.168682 0.6778510000000001 0.008535 0.358281
6.0 0.173184 0.6888670000000001 0.007539 0.392813
6.0 0.153716 0.6530665000000001 0.007939 0.394766
6.0 0.191353 0.6945505000000002 0.011396 0.397891
6.0 0.207236 0.7249030000000002 0.00998 0.333203
6.0 0.228418 0.7578325 0.013379 0.313828
6.0 0.244326 0.7046290000000001 0.009941 0.393828
6.0 0.265996 0.7031635 0.010586 0.395781
6.0 0.255894 0.6867580000000001 0.010283 0.405781
6.0 0.279814 0.7151755000000001 0.010352 0.379766
6.0 0.303242 0.6698830000000001 0.009531 0.3875
6.0 0.328301 0.7208590000000001 0.01377 0.372188
6.0 0.335454 0.7605864999999999 0.012295 0.306406
6.0 0.352695 0.715234 0.012813 0.283125
6.0 0.356548 0.7255465 0.010557 0.365938
6.0 0.368228 0.7058590000000001 0.009795 0.289375
6.0 0.379336 0.6926755 0.008516 0.294141
6.0 0.636216 0.5497075000000001 0.017275 0.600391
6.0 0.641816 0.5422075000000001 0.018184 0.610391
6.0 0.624624 0.5510545 0.015381 0.598594
6.0 0.600835 0.6412300000000002 0.011807 0.478359
6.0 0.596108 0.6027340000000001 0.012236 0.519844
6.0 0.572676 0.6122260000000002 0.017734 0.517031
6.0 0.551172 0.5786530000000001 0.008105 0.369141
6.0 0.541538 0.4884760000000001 0.006982 0.300469
6.0 0.392622 0.5949415 0.008389 0.297891
6.0 0.40377 0.6499030000000001 0.008691 0.290703
6.0 0.959414 0.3662500000000001 0.005508 0.2125
