6.0 0.26502 0.7968549999999999 0.009004 0.179766
0.0 0.501401 0.7954494999999999 0.058857 0.272734
0.0 0.480674 0.633262 0.025039 0.265234
0.0 0.403042 0.3847075000000001 0.017334 0.099297
0.0 0.466431 0.3293365000000001 0.014131 0.091406
0.0 0.016143 0.7007620000000001 0.032285 0.398984
6.0 0.229653 0.48238300000000006 0.002412 0.076562
6.0 0.23856 0.484141 0.001963 0.069531
0.0 0.504946 0.265351 0.014932 0.099844
6.0 0.115835 0.3303910000000001 0.002354 0.064844
0.0 0.988726 0.7003510000000001 0.022549 0.399531
