0.0 0.503696 0.27443350000000005 0.014814 0.095547
6.0 0.266543 0.7832035000000002 0.00834 0.207188
0.0 0.501401 0.7954494999999999 0.058857 0.272734
0.0 0.480674 0.633262 0.025039 0.265234
0.0 0.360122 0.4203325 0.017334 0.099297
0.0 0.42811 0.370996 0.015166 0.099922
0.0 0.016797 0.7007620000000001 0.033594 0.398984
6.0 0.227671 0.48238300000000006 0.002217 0.076562
6.0 0.235923 0.48437500000000006 0.001963 0.069531
0.0 0.47123 0.3000385000000001 0.01582 0.109375
6.0 0.115093 0.3303910000000001 0.002354 0.064844
0.0 0.988726 0.7003510000000001 0.022549 0.399531
