6.0 0.446904 0.6908590000000001 0.017539 0.412188
7.0 0.601846 0.30425800000000003 0.006641 0.141094
6.0 0.59105 0.459649 0.00915 0.286094
0.0 0.002852 0.468847 0.005703 0.211953
0.0 0.0054 0.41201200000000004 0.010801 0.142266
0.0 0.448115 0.5817580000000001 0.02416 0.253125
0.0 0.818364 0.7134175000000001 0.140244 0.382109
6.0 0.90188 0.4505665000000001 0.013447 0.475859
0.0 0.932012 0.6736915 0.063223 0.434141
7.0 0.963789 0.4237300000000001 0.00957 0.251953
0.0 0.990776 0.4311130000000001 0.018447 0.305234
0.0 0.458853 0.3899215 0.015068 0.174687
0.0 0.472217 0.409375 0.013223 0.079375
0.0 0.473008 0.4176370000000001 0.012031 0.076953
