0.0 0.536377 0.5875 0.029121 0.211406
7.0 0.461426 0.4849030000000001 0.004687 0.161016
4.0 0.461313 0.556504 0.004678 0.115234
6.0 0.566797 0.5668750000000001 0.007363 0.268281
6.0 0.731265 0.3882805000000001 0.004209 0.097344
0.0 0.014795 0.6724615000000002 0.02959 0.436719
2.0 0.051094 0.31832050000000006 0.016289 0.15375
0.0 0.049531 0.5623045000000001 0.019121 0.209531
0.0 0.071021 0.716524 0.046221 0.339375
6.0 0.19707 0.395488 0.003477 0.091953
0.0 0.18168 0.866992 0.099863 0.177344
0.0 0.389209 0.6840040000000002 0.102441 0.421328
0.0 0.505967 0.7465825 0.033613 0.337891
7.0 0.578789 0.560899 0.007012 0.314844
4.0 0.579307 0.66625 0.019121 0.166406
7.0 0.559644 0.5502340000000001 0.008525 0.287344
6.0 0.718071 0.40562500000000007 0.002959 0.099531
