0.0 0.493564 0.8048829999999999 0.03668 0.259375
0.0 0.499009 0.6047260000000001 0.027959 0.18875
0.0 0.553384 0.4390240000000001 0.024678 0.174375
0.0 0.586274 0.49832050000000006 0.020244 0.098437
0.0 0.613823 0.47933650000000005 0.018115 0.094219
0.0 0.636704 0.477637 0.015713 0.094609
0.0 0.041377 0.37714900000000007 0.00916 0.065156
0.0 0.060049 0.3364840000000001 0.009023 0.085938
0.0 0.128857 0.3994135 0.022969 0.130937
7.0 0.031279 0.4027540000000001 0.006602 0.107422
6.0 0.081987 0.372988 0.005654 0.132891
7.0 0.328779 0.28738300000000006 0.006211 0.117813
7.0 0.468994 0.4604695000000001 0.00707 0.1725
6.0 0.483193 0.43996150000000006 0.00498 0.101406
6.0 0.486538 0.4444135 0.004111 0.099063
