0.0 0.987261 0.6698245 0.025479 0.440234
0.0 0.698311 0.531016 0.022559 0.176406
7.0 0.082363 0.6304495000000001 0.010215 0.432578
4.0 0.083706 0.799024 0.015205 0.263281
6.0 0.784526 0.6691210000000002 0.015342 0.441172
6.0 0.767119 0.6777340000000001 0.012988 0.429688
6.0 0.767378 0.4128325 0.004248 0.130703
0.0 0.006592 0.668242 0.013184 0.442344
2.0 0.023491 0.3140425000000001 0.009678 0.081797
0.0 0.019858 0.46339900000000006 0.010674 0.120156
6.0 0.158257 0.3908005000000001 0.002842 0.070078
0.0 0.050405 0.6265825000000002 0.053096 0.488516
0.0 0.608867 0.7389655 0.058242 0.348047
7.0 0.74314 0.61627 0.018213 0.511641
4.0 0.73791 0.9194335 0.017031 0.107422
7.0 0.688677 0.6840040000000002 0.021201 0.420234
6.0 0.773696 0.420391 0.003623 0.13125
