0.0 0.079229 0.3882805000000001 0.012617 0.072969
7.0 0.183057 0.5991595000000001 0.006895 0.275078
4.0 0.180693 0.7341595000000001 0.012715 0.163828
6.0 0.438926 0.4931050000000001 0.004238 0.144297
6.0 0.472437 0.4182220000000001 0.003467 0.093984
6.0 0.465601 0.4400200000000001 0.003662 0.098828
6.0 0.463086 0.45589900000000005 0.003867 0.115
6.0 0.544204 0.4271290000000001 0.004385 0.144453
6.0 0.539897 0.43205050000000006 0.003779 0.141641
6.0 0.534019 0.41646550000000004 0.003877 0.124141
0.0 0.957524 0.6957220000000001 0.041807 0.405703
4.0 0.87019 0.4710745000000001 0.011592 0.149297
0.0 0.01856 0.7084960000000001 0.037119 0.388672
0.0 0.004702 0.35839900000000013 0.008955 0.101406
6.0 0.111494 0.5343550000000001 0.005937 0.237578
0.0 0.022153 0.41699200000000003 0.016572 0.127344
0.0 0.509058 0.7644534999999999 0.041416 0.314063
0.0 0.520986 0.4352155 0.010117 0.082578
0.0 0.505259 0.488242 0.016514 0.126719
4.0 0.918862 0.4082620000000001 0.01167 0.121797
4.0 0.912407 0.4118365 0.010557 0.110781
4.0 0.8971 0.42806650000000007 0.013086 0.138047
