0.0 0.520103 0.25205050000000007 0.013311 0.086484
6.0 0.265444 0.795274 0.009014 0.183281
0.0 0.501401 0.7954494999999999 0.058857 0.272734
0.0 0.480674 0.633262 0.025039 0.265234
0.0 0.384648 0.3999415 0.017344 0.099297
0.0 0.450005 0.34720750000000006 0.01458 0.095078
0.0 0.016421 0.7007620000000001 0.032842 0.398984
6.0 0.22874 0.48238300000000006 0.002324 0.076562
6.0 0.23728 0.484258 0.001963 0.069531
0.0 0.491416 0.2791210000000001 0.015313 0.103984
6.0 0.115513 0.3303910000000001 0.002354 0.064844
0.0 0.988726 0.7003510000000001 0.022549 0.399531
