7.0 0.071611 0.34445350000000013 0.006523 0.19375
1.0 0.611235 0.39835900000000013 0.016006 0.115156
0.0 0.552373 0.439375 0.006992 0.051094
0.0 0.983389 0.2047075 0.024277 0.225078
0.0 0.40478 0.7570119999999999 0.045596 0.323984
0.0 0.436172 0.6385930000000001 0.018184 0.195937
6.0 0.616768 0.6878710000000001 0.022734 0.414766
6.0 0.600835 0.49556650000000013 0.007334 0.237109
0.0 0.004429 0.27337900000000004 0.008857 0.153672
0.0 0.086299 0.629746 0.049668 0.393672
0.0 0.853735 0.6728125 0.127764 0.43625
6.0 0.943096 0.1870705 0.008027 0.229063
0.0 0.933975 0.6167965000000002 0.062988 0.510781
7.0 0.956792 0.40111300000000005 0.013408 0.361797
0.0 0.988071 0.33877000000000007 0.023857 0.264609
0.0 0.455308 0.5165425000000001 0.015146 0.209297
0.0 0.465776 0.529024 0.013232 0.079375
0.0 0.468843 0.5085745 0.012021 0.076953
