7.0 0.258379 0.4911715 0.004316 0.091719
0.0 0.418364 0.3648430000000001 0.017471 0.11625
0.0 0.429585 0.3842965000000001 0.02126 0.131094
0.0 0.462822 0.3319720000000001 0.016641 0.092891
0.0 0.514258 0.2501170000000001 0.014316 0.108438
6.0 0.284229 0.7611129999999999 0.009277 0.294297
0.0 0.501401 0.7954494999999999 0.058857 0.272734
0.0 0.480674 0.633262 0.025039 0.265234
0.0 0.016743 0.7007620000000001 0.033486 0.398984
6.0 0.221392 0.4788085 0.002217 0.069922
6.0 0.229487 0.48191350000000005 0.001963 0.069531
0.0 0.361597 0.4067965000000001 0.015967 0.115938
0.0 0.988726 0.7003510000000001 0.022549 0.399531
