6.0 0.969648 0.3259375000000001 0.005742 0.143125
0.0 0.073398 0.6025585000000001 0.025 0.166797
0.0 0.058936 0.704101 0.046582 0.394531
0.0 0.469316 0.5580865 0.033242 0.449219
0.0 0.009131 0.5081635 0.018262 0.268281
6.0 0.070796 0.3837700000000001 0.003916 0.125391
7.0 0.105649 0.480157 0.008096 0.197812
4.0 0.106006 0.566992 0.009668 0.136719
0.0 0.150425 0.2899615000000001 0.011357 0.042813
0.0 0.01231 0.2729695000000001 0.004639 0.049375
0.0 0.022886 0.3105865 0.005537 0.058281
2.0 0.559004 0.4452925 0.065566 0.733359
0.0 0.510454 0.5173630000000001 0.013682 0.175391
