7.0 0.898657 0.5240425000000002 0.02874 0.634609
6.0 0.53248 0.467149 0.008047 0.258125
0.0 0.039307 0.6081250000000001 0.022891 0.274531
0.0 0.115425 0.8575000000000002 0.099404 0.19
0.0 0.395508 0.44365300000000013 0.124121 0.741797
0.0 0.474731 0.5861530000000001 0.025928 0.295078
0.0 0.48522 0.48232450000000004 0.018506 0.193359
6.0 0.074121 0.4641595000000001 0.007324 0.234766
6.0 0.087383 0.4761130000000001 0.008984 0.233203
0.0 0.027437 0.3859375 0.021689 0.226562
6.0 0.055615 0.415879 0.005332 0.175234
6.0 0.050776 0.40205050000000003 0.006963 0.181641
