0.0 0.545107 0.5838085000000002 0.029902 0.226797
7.0 0.455513 0.4910545000000001 0.005889 0.184844
4.0 0.455742 0.5829880000000001 0.005312 0.129922
6.0 0.573589 0.5940040000000001 0.007959 0.301328
6.0 0.735532 0.3901570000000001 0.004072 0.0975
0.0 0.013931 0.6727540000000001 0.027861 0.436328
2.0 0.048506 0.3159760000000001 0.015605 0.145625
0.0 0.045996 0.5445505 0.016328 0.184453
0.0 0.064668 0.680254 0.038965 0.310547
6.0 0.194155 0.387988 0.003408 0.089453
0.0 0.139438 0.8265625 0.101143 0.23125
0.0 0.362822 0.6830665000000001 0.122324 0.422578
0.0 0.507085 0.7462300000000001 0.034033 0.338359
7.0 0.585024 0.5790625 0.0071 0.344062
4.0 0.586074 0.6926755 0.021797 0.206953
7.0 0.564883 0.5713285000000001 0.008496 0.31
6.0 0.724463 0.40650400000000003 0.003145 0.101484
