6.0 0.081484 0.363496 0.005273 0.102734
0.0 0.493599 0.8014840000000001 0.035967 0.261719
0.0 0.501421 0.642754 0.028408 0.189609
0.0 0.557378 0.44699200000000006 0.025166 0.174375
0.0 0.590508 0.5025970000000002 0.02 0.103047
0.0 0.617124 0.485254 0.01833 0.095859
0.0 0.640376 0.4816795 0.015732 0.102031
0.0 0.042764 0.3827740000000001 0.00916 0.065156
0.0 0.061265 0.33625000000000005 0.009014 0.085938
0.0 0.127441 0.391504 0.022324 0.132891
7.0 0.031338 0.40205050000000003 0.007676 0.118359
6.0 0.077158 0.3678325000000001 0.005645 0.127266
7.0 0.319736 0.2919535000000001 0.006211 0.108437
7.0 0.449561 0.449863 0.00707 0.172422
6.0 0.488813 0.45443350000000005 0.004971 0.109297
6.0 0.493389 0.4547845 0.004102 0.101484
