0.0 0.978892 0.272734 0.00665 0.06
0.0 0.953086 0.561895 0.037617 0.416953
0.0 0.571377 0.7114840000000001 0.061543 0.36375
0.0 0.598716 0.6450385000000001 0.028936 0.348281
0.0 0.037773 0.47441350000000004 0.020957 0.173906
0.0 0.258838 0.9363670000000002 0.069355 0.084844
0.0 0.466138 0.5841010000000001 0.020166 0.195156
2.0 0.004785 0.17335900000000007 0.004102 0.044219
2.0 0.009204 0.17869150000000003 0.0046 0.070078
0.0 0.004736 0.21308650000000004 0.003027 0.027344
0.0 0.001563 0.2132035 0.003125 0.025938
0.0 0.012695 0.7203910000000001 0.025391 0.372812
0.0 0.991602 0.6988285000000001 0.016797 0.401563
0.0 0.009126 0.248653 0.004502 0.040391
0.0 0.514565 0.312637 0.004033 0.054297
0.0 0.50481 0.7508005 0.039795 0.332266
0.0 0.505825 0.4471675000000001 0.018643 0.104766
0.0 0.013613 0.28808650000000013 0.006738 0.065469
0.0 0.520171 0.3779095000000001 0.011826 0.146797
0.0 0.019561 0.3393550000000001 0.009297 0.095078
