0.0 0.482935 0.4251955000000001 0.010635 0.091406
2.0 0.018325 0.19820350000000006 0.007627 0.111875
2.0 0.030874 0.2485945 0.016377 0.183438
0.0 0.020015 0.3548245000000001 0.009932 0.096641
0.0 0.012227 0.290722 0.007559 0.052266
0.0 0.007231 0.5352925000000001 0.014463 0.207109
0.0 0.995698 0.5086915000000001 0.008604 0.248203
0.0 0.062124 0.6968365000000001 0.040596 0.310469
0.0 0.898452 0.689218 0.09665 0.409062
0.0 0.50481 0.7508005 0.039795 0.332266
0.0 0.505825 0.4471675000000001 0.018643 0.104766
0.0 0.384077 0.830137 0.07167 0.226484
7.0 0.575977 0.3629695 0.004648 0.125
0.0 0.979531 0.3777925000000001 0.016523 0.188203
0.0 0.516978 0.3583405000000001 0.007783 0.089141
0.0 0.531865 0.45947200000000005 0.017539 0.261484
0.0 0.464565 0.5854495000000001 0.025615 0.239922
