6.0 0.37793 0.5886715000000001 0.007812 0.295312
6.0 0.41376 0.5985745000000001 0.006914 0.289141
6.0 0.429521 0.591484 0.007871 0.316719
6.0 0.579478 0.47042950000000006 0.009346 0.297656
6.0 0.584316 0.4086715000000001 0.007969 0.212812
6.0 0.441138 0.5826955000000001 0.006904 0.265
6.0 0.445796 0.570391 0.007939 0.273594
6.0 0.453794 0.5582620000000001 0.009033 0.262891
6.0 0.462759 0.5422660000000001 0.008525 0.172187
6.0 0.471626 0.5260945 0.007451 0.2125
6.0 0.477065 0.5028910000000001 0.006553 0.201719
6.0 0.032588 0.3441595 0.005918 0.176016
6.0 0.695264 0.617383 0.028809 0.510156
