6.0 0.939771 0.335137 0.006416 0.199609
6.0 0.86665 0.6435745000000002 0.010879 0.475234
0.0 0.019844 0.7002925000000001 0.039219 0.399609
6.0 0.190293 0.5955865000000001 0.007148 0.272813
7.0 0.148569 0.5770705 0.005557 0.273594
0.0 0.185479 0.31656250000000014 0.012363 0.070625
4.0 0.147773 0.7017580000000001 0.015195 0.182031
0.0 0.074746 0.3690625 0.012422 0.066094
0.0 0.088447 0.37058650000000004 0.014746 0.073281
0.0 0.022725 0.39267550000000007 0.012051 0.112266
0.0 0.062832 0.38787100000000013 0.010371 0.073047
0.0 0.405034 0.7931635000000001 0.052256 0.275781
2.0 0.70124 0.2369335 0.32584 0.982578
0.0 0.505522 0.6480280000000002 0.024971 0.248828
