0.0 0.443652 0.33970750000000005 0.01707 0.111641
0.0 0.500913 0.34375000000000006 0.021514 0.138594
0.0 0.370566 0.42994150000000003 0.02082 0.117891
0.0 0.380459 0.40011700000000006 0.014629 0.095156
0.0 0.485908 0.3050200000000001 0.015391 0.086797
6.0 0.277817 0.7497460000000001 0.007217 0.293516
0.0 0.501401 0.7954494999999999 0.058857 0.272734
0.0 0.480674 0.633262 0.025039 0.265234
0.0 0.348413 0.43503850000000005 0.012646 0.095469
0.0 0.016758 0.7007620000000001 0.033516 0.398984
6.0 0.222808 0.47992150000000006 0.002217 0.072969
6.0 0.230786 0.48437500000000006 0.001963 0.069531
0.0 0.389932 0.3941410000000001 0.016504 0.119687
6.0 0.111812 0.3303910000000001 0.002354 0.064844
0.0 0.988726 0.7003510000000001 0.022549 0.399531
