0.0 0.492007 0.7919919999999999 0.034365 0.267187
0.0 0.495728 0.5668165000000002 0.025771 0.187891
0.0 0.547158 0.4377340000000001 0.024199 0.174375
0.0 0.578936 0.48226600000000003 0.020488 0.093906
0.0 0.606714 0.4710745000000001 0.018115 0.094297
0.0 0.630854 0.468847 0.015713 0.086328
0.0 0.039404 0.37164100000000005 0.00916 0.065156
0.0 0.058184 0.3385345000000001 0.009023 0.086016
0.0 0.130283 0.40556650000000005 0.024121 0.129297
7.0 0.030796 0.4034575 0.005537 0.096484
6.0 0.087285 0.38459050000000006 0.005645 0.145547
7.0 0.341899 0.2930665000000001 0.006221 0.117734
7.0 0.487119 0.4529095 0.00707 0.156016
6.0 0.476548 0.433867 0.004971 0.101406
6.0 0.479688 0.43410100000000007 0.004102 0.096719
