0.0 0.476577 0.3039070000000001 0.01583 0.102813
0.0 0.417651 0.4318165 0.023018 0.130547
0.0 0.521123 0.2603125 0.01123 0.07
6.0 0.26793 0.7321675000000001 0.006895 0.288672
0.0 0.501401 0.7954494999999999 0.058857 0.272734
0.0 0.480674 0.633262 0.025039 0.265234
0.0 0.328857 0.4234375 0.012793 0.067187
0.0 0.391812 0.40158250000000006 0.014307 0.099297
0.0 0.016777 0.7007620000000001 0.033555 0.398984
6.0 0.225015 0.4814455000000001 0.002217 0.076563
6.0 0.23355 0.4846090000000001 0.001963 0.069531
0.0 0.435898 0.336601 0.016719 0.118906
6.0 0.114185 0.3303910000000001 0.002354 0.064844
0.0 0.988726 0.7003510000000001 0.022549 0.399531
