6.0 0.422437 0.7008790000000001 0.016143 0.389609
7.0 0.597114 0.33015700000000003 0.008252 0.173437
6.0 0.590361 0.4970305000000001 0.009512 0.308125
0.0 0.004409 0.43650400000000006 0.008818 0.211953
0.0 0.0054 0.4067965000000001 0.010801 0.135313
0.0 0.449253 0.5794135000000001 0.024072 0.260312
0.0 0.842886 0.7009375000000001 0.140244 0.39875
6.0 0.882119 0.47347600000000006 0.014375 0.522031
0.0 0.950005 0.6099415 0.04626 0.413672
7.0 0.974575 0.37421800000000005 0.008506 0.19625
0.0 0.993237 0.40216750000000007 0.013525 0.266641
0.0 0.458853 0.3849415 0.015068 0.167578
0.0 0.479834 0.3949615 0.013223 0.079375
0.0 0.473413 0.4097845000000001 0.012021 0.076953
