0.0 0.683076 0.6105865000000001 0.026621 0.212969
7.0 0.154302 0.660274 0.016924 0.452969
6.0 0.712114 0.693262 0.012803 0.405859
6.0 0.702397 0.7097845 0.010732 0.386953
6.0 0.768999 0.45127 0.004639 0.143672
0.0 0.010977 0.64627 0.02166 0.462734
2.0 0.03457 0.2567965 0.010273 0.089844
0.0 0.033296 0.4348045 0.015322 0.148281
6.0 0.172212 0.32875000000000004 0.002939 0.073125
0.0 0.041211 0.5915425000000001 0.018398 0.280391
0.0 0.075234 0.6226555000000001 0.068867 0.499688
0.0 0.580952 0.770254 0.056768 0.306328
7.0 0.707539 0.6262300000000002 0.015742 0.479297
4.0 0.704351 0.9324999999999999 0.021748 0.086875
7.0 0.65145 0.6909760000000001 0.017393 0.409844
6.0 0.771328 0.44423800000000013 0.004023 0.151797
