6.0 0.069048 0.3149800000000001 0.004053 0.095078
7.0 0.934424 0.6718750000000001 0.025684 0.4375
7.0 0.981948 0.3660745 0.004912 0.147266
7.0 0.978252 0.33396550000000014 0.004629 0.151172
0.0 0.493779 0.7984374999999999 0.032285 0.254687
0.0 0.503027 0.6680665000000001 0.028711 0.190234
0.0 0.487798 0.49790950000000006 0.028975 0.270859
0.0 0.522949 0.5003125 0.018945 0.10875
0.0 0.575742 0.5092195 0.020859 0.110313
0.0 0.623154 0.48976600000000003 0.018652 0.115937
0.0 0.205605 0.3537700000000001 0.012734 0.086016
0.0 0.061392 0.33625000000000005 0.009014 0.085938
0.0 0.126968 0.38886700000000013 0.0221 0.133594
6.0 0.054766 0.3049615000000001 0.00377 0.095625
7.0 0.380361 0.2376955 0.005566 0.076875
6.0 0.51999 0.4805665000000001 0.00498 0.111328
6.0 0.527559 0.4650970000000001 0.005293 0.108672
