6.0 0.962017 0.25896550000000007 0.002588 0.098828
0.0 0.54292 0.40656250000000005 0.015566 0.113594
7.0 0.476646 0.3667780000000001 0.004541 0.058828
7.0 0.48814 0.395371 0.006006 0.090859
6.0 0.185073 0.6057220000000001 0.010967 0.382734
6.0 0.623916 0.7482820000000001 0.010098 0.335625
6.0 0.600562 0.6197845000000002 0.009053 0.350547
6.0 0.626733 0.6491995 0.009814 0.355547
6.0 0.640713 0.667246 0.009531 0.433984
0.0 0.387671 0.3692965000000001 0.014814 0.077188
0.0 0.01582 0.4181635000000001 0.017559 0.182188
6.0 0.331104 0.4122460000000001 0.005371 0.190391
7.0 0.431538 0.4222075000000001 0.008857 0.110078
0.0 0.532598 0.41500000000000004 0.014102 0.141406
6.0 0.347319 0.325117 0.004131 0.097969
0.0 0.187466 0.8195304999999999 0.106436 0.240625
0.0 0.952988 0.6663085000000001 0.041055 0.376953
0.0 0.513486 0.7234375000000002 0.043145 0.36875
6.0 0.533477 0.38517550000000006 0.002949 0.103828
