0.0 0.112104 0.25146550000000006 0.01792 0.089922
0.0 0.121094 0.21560500000000002 0.017969 0.095859
5.0 0.920879 0.474355 0.005 0.161328
6.0 0.252974 0.37222600000000006 0.005596 0.157344
6.0 0.294502 0.315157 0.005723 0.155313
6.0 0.300112 0.30584050000000007 0.006182 0.142109
6.0 0.369561 0.5063470000000001 0.004824 0.087891
6.0 0.379307 0.49691350000000006 0.004336 0.096406
6.0 0.959248 0.3712885000000001 0.006895 0.222344
6.0 0.951963 0.346504 0.007871 0.246328
6.0 0.945195 0.394492 0.006934 0.246406
6.0 0.019243 0.391387 0.009053 0.375391
5.0 0.92564 0.5348245000000001 0.007236 0.225703
