6.0 0.964131 0.39806650000000005 0.009121 0.272578
6.0 0.516895 0.4386130000000001 0.006348 0.173828
6.0 0.09228 0.5409175000000002 0.007432 0.221328
6.0 0.114917 0.5331835 0.008389 0.292109
6.0 0.100786 0.525625 0.008818 0.318125
6.0 0.119307 0.5543365000000001 0.009512 0.291875
6.0 0.133833 0.6442195000000001 0.01085 0.35875
6.0 0.153086 0.6958990000000002 0.009492 0.338281
6.0 0.169922 0.734512 0.010957 0.330078
6.0 0.156768 0.6810745000000001 0.010566 0.398359
6.0 0.192925 0.759355 0.010615 0.320859
6.0 0.210205 0.7338085000000001 0.011582 0.335078
6.0 0.94918 0.47558650000000013 0.010156 0.549063
6.0 0.938955 0.5458405000000002 0.009004 0.605547
6.0 0.935405 0.5285545 0.012354 0.611406
6.0 0.93998 0.5993365 0.016094 0.517031
6.0 0.899038 0.5768365 0.020107 0.56
6.0 0.91501 0.5639455 0.025293 0.572812
6.0 0.805264 0.6733405000000001 0.020898 0.431172
6.0 0.88042 0.570391 0.018262 0.564219
6.0 0.855425 0.5631250000000001 0.022041 0.580313
6.0 0.768013 0.7056250000000001 0.034873 0.3925
6.0 0.812837 0.6240625000000001 0.025322 0.50125
6.0 0.668955 0.5376955000000001 0.025703 0.616406
6.0 0.716455 0.6747460000000001 0.021777 0.433672
6.0 0.676709 0.5518750000000001 0.016113 0.572656
6.0 0.641245 0.5569135000000002 0.031709 0.590781
6.0 0.625801 0.6134575000000001 0.016152 0.515391
6.0 0.602246 0.6258790000000001 0.015039 0.498828
6.0 0.587969 0.6654880000000001 0.019668 0.387422
6.0 0.576494 0.6229495 0.013105 0.338203
6.0 0.567578 0.5345905000000001 0.006523 0.370547
6.0 0.560742 0.5541010000000001 0.006523 0.312031
6.0 0.554048 0.50875 0.005693 0.31875
6.0 0.550498 0.5106835000000001 0.005273 0.315859
6.0 0.54478 0.47716750000000013 0.007471 0.325859
6.0 0.536436 0.48232450000000004 0.00627 0.281641
6.0 0.533081 0.4909960000000001 0.007666 0.284609
6.0 0.236006 0.6689455000000001 0.012402 0.441406
6.0 0.314873 0.6660160000000002 0.010684 0.431875
6.0 0.242617 0.7223245000000001 0.01082 0.362422
6.0 0.254097 0.6767965 0.011182 0.416094
6.0 0.25001 0.6944335000000001 0.007344 0.405078
6.0 0.277461 0.657226 0.009727 0.446094
6.0 0.257935 0.7294135000000002 0.010791 0.359844
6.0 0.287881 0.6866995 0.010547 0.409922
6.0 0.971572 0.317734 0.003926 0.126094
