0.0 0.455273 0.32705050000000013 0.016621 0.108516
0.0 0.473599 0.3758590000000001 0.024131 0.141406
0.0 0.394185 0.3983005000000001 0.013037 0.087734
0.0 0.49834 0.2891995 0.013926 0.080859
6.0 0.274453 0.7440625000000001 0.006406 0.292344
0.0 0.501401 0.7954494999999999 0.058857 0.272734
0.0 0.480674 0.633262 0.025039 0.265234
0.0 0.363735 0.42326200000000014 0.013232 0.096797
0.0 0.016763 0.7007620000000001 0.033525 0.398984
6.0 0.223511 0.4805080000000001 0.002217 0.074531
6.0 0.231685 0.484726 0.001963 0.069531
0.0 0.405957 0.3768550000000001 0.016543 0.118984
6.0 0.112651 0.3303910000000001 0.002354 0.064844
0.0 0.988726 0.7003510000000001 0.022549 0.399531
