6.0 0.960713 0.41705050000000005 0.010156 0.280234
6.0 0.516279 0.4451755000000001 0.006348 0.172734
6.0 0.070874 0.4537885 0.007471 0.204844
6.0 0.081392 0.5027155000000001 0.007529 0.288047
6.0 0.076802 0.4760545000000001 0.007939 0.232969
6.0 0.093633 0.48882850000000005 0.008789 0.250313
6.0 0.099868 0.5439055000000002 0.006709 0.221406
6.0 0.124966 0.56998 0.008389 0.321953
6.0 0.10916 0.5603125000000001 0.009336 0.343125
6.0 0.128008 0.5818165000000002 0.010352 0.318516
6.0 0.144219 0.5840425 0.008145 0.352578
6.0 0.149697 0.6648445000000001 0.011523 0.389062
6.0 0.167246 0.7287115000000001 0.0075 0.338281
6.0 0.187061 0.756367 0.010957 0.324844
6.0 0.174648 0.6944920000000001 0.010566 0.398438
6.0 0.212983 0.7624614999999999 0.010615 0.316719
6.0 0.2302 0.7465240000000001 0.011592 0.328125
6.0 0.940161 0.48337900000000006 0.011865 0.571484
6.0 0.927695 0.5353510000000001 0.01082 0.614375
6.0 0.921812 0.5371090000000001 0.012354 0.611406
6.0 0.924053 0.6079495 0.017188 0.516953
6.0 0.87769 0.5746675000000001 0.02249 0.567109
6.0 0.894458 0.5682805000000001 0.028486 0.572812
6.0 0.766895 0.6765625000000002 0.020898 0.43125
6.0 0.84813 0.5784175 0.022686 0.559297
6.0 0.823232 0.5550970000000001 0.02418 0.586797
6.0 0.723467 0.7120705 0.02377 0.383906
6.0 0.754526 0.6412300000000002 0.025322 0.478359
6.0 0.629512 0.5414455000000001 0.019688 0.611406
6.0 0.678696 0.6816010000000001 0.021318 0.424531
6.0 0.64583 0.570508 0.013359 0.572656
6.0 0.60876 0.5780665 0.022988 0.562578
6.0 0.589287 0.5996290000000001 0.013105 0.460547
6.0 0.579048 0.6298630000000001 0.016221 0.342734
6.0 0.569912 0.5960545 0.012207 0.311094
6.0 0.561807 0.5201755 0.006523 0.339922
6.0 0.555879 0.5311330000000001 0.006523 0.291406
6.0 0.550391 0.4869535000000001 0.005527 0.294531
6.0 0.54646 0.49175800000000003 0.005283 0.294531
6.0 0.541431 0.46937500000000004 0.007002 0.302031
6.0 0.534111 0.4651555000000001 0.006113 0.262344
6.0 0.5298 0.4755280000000001 0.00708 0.261172
6.0 0.257354 0.675157 0.012402 0.433125
6.0 0.333467 0.6745705000000002 0.010605 0.433906
6.0 0.265098 0.7326955 0.01082 0.356406
6.0 0.2777 0.6711715 0.011182 0.408594
6.0 0.270977 0.6908005 0.007344 0.405078
6.0 0.295596 0.6590425000000001 0.009727 0.443359
6.0 0.285127 0.7266595 0.010781 0.364453
6.0 0.308486 0.690625 0.007988 0.409844
6.0 0.970581 0.3193750000000001 0.003955 0.135625
