6.0 0.441128 0.552988 0.006416 0.211953
7.0 0.263257 0.6092380000000002 0.009229 0.321641
5.0 0.65186 0.36789100000000013 0.007451 0.201562
5.0 0.64563 0.36865300000000006 0.005752 0.180547
0.0 0.676733 0.16990300000000003 0.014443 0.155234
4.0 0.619355 0.35875000000000007 0.013711 0.205313
4.0 0.603188 0.30185500000000004 0.010322 0.158984
5.0 0.638662 0.30384700000000003 0.007793 0.184609
0.0 0.009443 0.33150400000000013 0.006992 0.061641
6.0 0.566846 0.6252340000000002 0.016113 0.499687
7.0 0.255825 0.6212500000000002 0.006904 0.335469
6.0 0.509111 0.419863 0.004941 0.114609
6.0 0.518306 0.40931650000000014 0.0054 0.120703
4.0 0.252539 0.7176955 0.025488 0.211875
