7.0 0.256709 0.4902925 0.004277 0.090078
0.0 0.413472 0.3690625 0.017393 0.116406
0.0 0.439531 0.373984 0.021113 0.129687
0.0 0.459121 0.336133 0.016699 0.093437
0.0 0.510698 0.254278 0.014795 0.110859
6.0 0.286519 0.7630465000000001 0.008135 0.294375
0.0 0.501401 0.7954494999999999 0.058857 0.272734
0.0 0.480674 0.633262 0.025039 0.265234
0.0 0.016738 0.7007620000000001 0.033477 0.398984
6.0 0.221157 0.478633 0.002217 0.069375
6.0 0.229272 0.4815625000000001 0.001963 0.069531
0.0 0.357412 0.40802800000000006 0.015703 0.113516
0.0 0.988726 0.7003510000000001 0.022549 0.399531
