6.0 0.96584 0.2845120000000001 0.003984 0.103516
6.0 0.962383 0.351601 0.006523 0.1825
0.0 0.23168 0.8934760000000002 0.06082 0.142031
0.0 0.398877 0.820996 0.08291 0.238672
0.0 0.486294 0.4636915 0.018291 0.253984
0.0 0.010845 0.5593750000000002 0.021553 0.314844
6.0 0.085776 0.403867 0.004346 0.152188
7.0 0.119541 0.49181650000000005 0.008184 0.199453
4.0 0.120278 0.6024415000000001 0.011143 0.135547
0.0 0.144478 0.3075385000000001 0.012529 0.0575
0.0 0.013047 0.26388700000000004 0.005801 0.059141
0.0 0.111128 0.315625 0.010947 0.054688
0.0 0.028931 0.34369150000000004 0.008994 0.075391
2.0 0.557026 0.458653 0.064717 0.717734
0.0 0.50957 0.5375785000000001 0.015176 0.183906
