7.0 0.075957 0.347032 0.006523 0.20125
1.0 0.610542 0.39959050000000007 0.021768 0.130547
0.0 0.541353 0.4353325 0.009678 0.062578
0.0 0.986367 0.2753125 0.024277 0.198906
0.0 0.236426 0.702343 0.125391 0.396875
0.0 0.413174 0.6939055000000001 0.029629 0.317188
0.0 0.427407 0.5200000000000001 0.015127 0.11375
6.0 0.736333 0.6974800000000001 0.024697 0.403359
6.0 0.617344 0.5033590000000001 0.006934 0.232031
0.0 0.003193 0.3333790000000001 0.006387 0.153672
0.0 0.040889 0.3901570000000001 0.019375 0.162969
0.0 0.907466 0.6850000000000002 0.091709 0.42
6.0 0.954019 0.25169950000000013 0.007236 0.185234
0.0 0.951567 0.6714655000000002 0.041553 0.438047
7.0 0.965972 0.4232035000000001 0.010283 0.277187
0.0 0.989067 0.4168165 0.021865 0.236484
0.0 0.448813 0.4645705000000001 0.016045 0.268125
0.0 0.45979 0.482149 0.013232 0.079375
0.0 0.460166 0.47078200000000003 0.012031 0.077031
