0.0 0.985034 0.332032 0.016924 0.197031
6.0 0.504263 0.680722 0.018584 0.425703
6.0 0.591826 0.40550800000000004 0.008203 0.245781
0.0 0.005371 0.4176955000000001 0.010742 0.15375
0.0 0.431826 0.6866410000000001 0.041563 0.367344
0.0 0.783013 0.7325785 0.146104 0.356563
6.0 0.921602 0.348496 0.010977 0.346484
0.0 0.913857 0.6803710000000001 0.084531 0.424453
7.0 0.9504 0.560488 0.013652 0.395703
0.0 0.989243 0.43750000000000006 0.021514 0.31375
0.0 0.458853 0.40005850000000004 0.015068 0.186641
0.0 0.469946 0.423847 0.013232 0.079297
0.0 0.472261 0.4321675000000001 0.012021 0.076953
