6.0 0.973447 0.31310500000000013 0.005156 0.130703
0.0 0.051685 0.47189500000000006 0.01124 0.139297
0.0 0.032593 0.5164255000000001 0.020654 0.204141
0.0 0.433081 0.5759575 0.074365 0.565391
0.0 0.483545 0.49802800000000014 0.01416 0.150547
0.0 0.008428 0.5032420000000001 0.016855 0.258281
6.0 0.062109 0.37117150000000004 0.003633 0.108594
7.0 0.097832 0.445762 0.007363 0.171797
4.0 0.098047 0.5281450000000001 0.008594 0.113047
0.0 0.011943 0.2775385000000001 0.004043 0.044531
0.0 0.020444 0.29658250000000014 0.004873 0.045703
2.0 0.562349 0.4379095 0.070303 0.741953
0.0 0.510947 0.5050585000000002 0.012715 0.169922
