0.0 0.987437 0.2372845 0.006279 0.063359
0.0 0.997397 0.30537100000000006 0.00376 0.082891
6.0 0.959438 0.262246 0.002588 0.109766
6.0 0.962422 0.26195350000000006 0.002578 0.108125
0.0 0.511367 0.37937500000000013 0.007344 0.085938
7.0 0.418447 0.33595750000000013 0.00377 0.058828
7.0 0.359429 0.33273400000000003 0.005674 0.105625
6.0 0.531343 0.38165950000000004 0.003525 0.081641
6.0 0.269541 0.6743950000000001 0.010996 0.411641
6.0 0.73293 0.7530865000000001 0.012559 0.325938
6.0 0.651074 0.642343 0.011133 0.431094
6.0 0.699614 0.710254 0.012334 0.386328
6.0 0.743052 0.6830665000000001 0.009893 0.420547
0.0 0.381226 0.3527740000000001 0.014814 0.077187
6.0 0.368584 0.454258 0.005371 0.191719
7.0 0.446211 0.421855 0.008848 0.110078
6.0 0.32146 0.3048445000000001 0.004131 0.097969
0.0 0.002759 0.33484300000000006 0.005225 0.099375
0.0 0.558853 0.732109 0.039521 0.292812
0.0 0.513486 0.7234375000000002 0.043145 0.36875
6.0 0.536743 0.37837900000000013 0.002939 0.103828
