6.0 0.446538 0.5277925000000001 0.005752 0.196797
7.0 0.276846 0.604375 0.007129 0.316562
5.0 0.643364 0.36220750000000007 0.007959 0.190391
5.0 0.638203 0.3642580000000001 0.005762 0.179219
0.0 0.670972 0.17664100000000002 0.013135 0.14625
4.0 0.612515 0.3526555 0.013955 0.197187
4.0 0.598872 0.3026755 0.010322 0.157891
5.0 0.631235 0.3159175000000001 0.007451 0.174609
0.0 0.010518 0.34199200000000013 0.007344 0.064531
6.0 0.558306 0.6316795000000002 0.015127 0.489844
7.0 0.270376 0.6197845000000002 0.006123 0.333203
6.0 0.508955 0.4158205 0.004883 0.112187
6.0 0.517505 0.4048045000000001 0.005479 0.118125
4.0 0.266113 0.7152925000000001 0.024316 0.206484
