7.0 0.508721 0.3702925000000001 0.004551 0.058828
7.0 0.537642 0.3902155000000001 0.004717 0.065391
6.0 0.149585 0.547597 0.008076 0.333672
6.0 0.597002 0.7182820000000001 0.010098 0.352656
6.0 0.579575 0.586387 0.007979 0.309141
6.0 0.601157 0.6097075000000002 0.007998 0.331641
6.0 0.607578 0.6495505000000001 0.00791 0.392734
0.0 0.40272 0.3952540000000001 0.015752 0.097422
0.0 0.092969 0.7373245000000002 0.07916 0.333516
6.0 0.312402 0.38341750000000013 0.005371 0.185703
7.0 0.395581 0.39712900000000007 0.008857 0.110078
0.0 0.466836 0.41500000000000004 0.017422 0.134531
6.0 0.367573 0.336133 0.004131 0.108906
0.0 0.458052 0.6996490000000001 0.034619 0.330937
0.0 0.979761 0.37222600000000006 0.015713 0.1775
0.0 0.513486 0.7234375000000002 0.043145 0.36875
6.0 0.531514 0.38915950000000005 0.002949 0.103828
