6.0 0.562622 0.3911530000000001 0.005615 0.154297
0.0 0.548389 0.6435160000000001 0.036816 0.319063
7.0 0.093413 0.5989255 0.01542 0.398203
0.0 0.276182 0.44042950000000003 0.025273 0.133594
6.0 0.024097 0.5099215000000001 0.007979 0.338906
6.0 0.030786 0.5139070000000001 0.007529 0.331875
6.0 0.057793 0.4550200000000001 0.008418 0.299766
6.0 0.095752 0.48373 0.009707 0.365859
0.0 0.307861 0.36712900000000004 0.019258 0.088359
0.0 0.304766 0.3943165000000001 0.018125 0.094453
0.0 0.292187 0.408496 0.023301 0.141172
