6.0 0.257222 0.5917780000000001 0.010752 0.467734
6.0 0.315693 0.6646675000000002 0.008027 0.402578
6.0 0.336548 0.6725200000000001 0.01249 0.436641
6.0 0.349497 0.6756835 0.009111 0.359766
6.0 0.577329 0.6026170000000001 0.014697 0.450313
6.0 0.573364 0.474355 0.009873 0.248203
6.0 0.340732 0.6750970000000002 0.006875 0.419141
6.0 0.360737 0.6613870000000001 0.008271 0.328984
6.0 0.365811 0.687637 0.010176 0.416484
6.0 0.373086 0.6539455000000001 0.008652 0.336094
6.0 0.384365 0.6517780000000001 0.010273 0.373672
6.0 0.393823 0.6281635000000001 0.009385 0.261563
6.0 0.404297 0.6208405 0.011523 0.236016
6.0 0.416748 0.5837500000000001 0.007441 0.298906
6.0 0.424658 0.5790040000000001 0.006562 0.269297
6.0 0.441968 0.5488285000000002 0.005576 0.2125
6.0 0.437065 0.5200585 0.008486 0.163359
6.0 0.54542 0.5045305000000001 0.007852 0.289531
6.0 0.549966 0.503653 0.007139 0.254453
6.0 0.8896 0.6146290000000001 0.016504 0.506484
