0.0 0.499824 0.278653 0.014961 0.096641
0.0 0.354067 0.4785160000000001 0.018135 0.1
6.0 0.266816 0.768379 0.008164 0.228828
0.0 0.501401 0.7954494999999999 0.058857 0.272734
0.0 0.480674 0.633262 0.025039 0.265234
0.0 0.355435 0.42009700000000005 0.016943 0.092734
0.0 0.422637 0.37703200000000003 0.015313 0.101094
0.0 0.016792 0.7007620000000001 0.033584 0.398984
6.0 0.22729 0.48226600000000003 0.002217 0.076562
6.0 0.235581 0.48437500000000006 0.001963 0.069531
0.0 0.466182 0.305254 0.015957 0.110703
6.0 0.114995 0.3303910000000001 0.002354 0.064844
0.0 0.988726 0.7003510000000001 0.022549 0.399531
