6.0 0.070068 0.3381835 0.004062 0.095078
0.0 0.49373 0.7889455000000001 0.03332 0.270469
0.0 0.503027 0.6680665000000001 0.028711 0.190234
0.0 0.543833 0.4685545000000001 0.027959 0.1925
0.0 0.584077 0.5002540000000001 0.019092 0.119922
0.0 0.618037 0.4850200000000001 0.020156 0.109453
0.0 0.640649 0.481153 0.016338 0.103828
0.0 0.089116 0.40462900000000007 0.020146 0.131641
0.0 0.061392 0.33625000000000005 0.009014 0.085938
0.0 0.126968 0.38886700000000013 0.0221 0.133594
7.0 0.01103 0.4491595000000001 0.008506 0.196016
6.0 0.062007 0.32927800000000007 0.005537 0.125391
7.0 0.280361 0.3174415000000001 0.005 0.068516
7.0 0.39999 0.3112885 0.006504 0.107031
6.0 0.503667 0.4625200000000001 0.004971 0.109297
6.0 0.510171 0.459238 0.004873 0.106328
