7.0 0.470181 0.4121290000000001 0.003447 0.079609
4.0 0.47021 0.45003850000000006 0.003467 0.051563
4.0 0.629336 0.5167780000000001 0.01709 0.134766
0.0 0.038345 0.6838285000000001 0.041045 0.421562
0.0 0.105811 0.55252 0.025488 0.166953
0.0 0.148765 0.444355 0.019697 0.140391
6.0 0.407983 0.5504695000000001 0.005322 0.20875
0.0 0.271221 0.8781834999999999 0.111387 0.162422
0.0 0.502686 0.6525970000000001 0.025371 0.291328
0.0 0.51748 0.4258405 0.010117 0.082578
0.0 0.503711 0.3958405 0.009453 0.067578
6.0 0.949229 0.355996 0.004707 0.088359
6.0 0.942817 0.375097 0.005186 0.201172
4.0 0.72791 0.5912500000000002 0.01168 0.221562
4.0 0.698247 0.5885545000000001 0.014111 0.189844
4.0 0.665698 0.560722 0.014014 0.178047
