0.0 0.084604 0.401875 0.011514 0.071094
7.0 0.265166 0.6577540000000001 0.010371 0.360234
4.0 0.264204 0.8037115 0.02167 0.203125
6.0 0.447437 0.4700785000000001 0.004131 0.133594
6.0 0.474863 0.40726600000000013 0.003457 0.093906
6.0 0.469751 0.41810500000000006 0.003662 0.098828
6.0 0.466533 0.4291795000000001 0.003867 0.115
6.0 0.539731 0.41705050000000005 0.004385 0.144453
6.0 0.536318 0.4097260000000001 0.003184 0.130781
6.0 0.530898 0.4043365 0.003887 0.124219
0.0 0.981123 0.541504 0.022129 0.221016
4.0 0.860972 0.49140550000000005 0.009326 0.150938
0.0 0.017363 0.7018165000000001 0.034727 0.397578
0.0 0.011353 0.354004 0.013838 0.091953
6.0 0.133516 0.5842780000000002 0.006953 0.287266
0.0 0.027661 0.4675585000000001 0.017158 0.181484
0.0 0.508931 0.7540239999999999 0.037666 0.327969
0.0 0.520986 0.42794950000000004 0.010117 0.082578
0.0 0.505894 0.4675000000000001 0.015615 0.119219
4.0 0.913569 0.42255850000000006 0.012588 0.136328
4.0 0.906929 0.4278325 0.010967 0.115078
4.0 0.889961 0.44998000000000005 0.014219 0.146016
