7.0 0.348437 0.6074215000000001 0.008984 0.308594
4.0 0.349131 0.7232620000000001 0.016465 0.187266
6.0 0.455708 0.4557220000000001 0.004033 0.123984
0.0 0.991045 0.4720120000000001 0.014863 0.179141
4.0 0.838647 0.5194135000000001 0.009365 0.181406
0.0 0.01644 0.6966595 0.032881 0.404453
0.0 0.024609 0.35423800000000005 0.014707 0.086641
6.0 0.164785 0.6315040000000001 0.007715 0.323672
0.0 0.031289 0.5113870000000001 0.021602 0.228672
0.0 0.508828 0.7460545000000001 0.034785 0.338594
0.0 0.520986 0.4223245 0.010117 0.082578
0.0 0.506992 0.45214900000000013 0.014336 0.108437
4.0 0.905918 0.43128850000000013 0.013281 0.1475
4.0 0.894146 0.45472600000000013 0.013057 0.136562
4.0 0.87562 0.4759960000000001 0.015088 0.152109
