0.0 0.488203 0.29125 0.015391 0.099688
0.0 0.384404 0.4646290000000001 0.023496 0.127891
6.0 0.266577 0.7295905 0.007178 0.286328
0.0 0.501401 0.7954494999999999 0.058857 0.272734
0.0 0.480674 0.633262 0.025039 0.265234
0.0 0.34189 0.42103450000000003 0.015166 0.077734
0.0 0.407134 0.3898045000000001 0.014893 0.100625
0.0 0.016787 0.7007620000000001 0.033574 0.398984
6.0 0.226157 0.4817965 0.002217 0.076563
6.0 0.234565 0.4844920000000001 0.001963 0.069531
0.0 0.45104 0.3208990000000001 0.016338 0.114844
6.0 0.114673 0.3303910000000001 0.002354 0.064844
0.0 0.988726 0.7003510000000001 0.022549 0.399531
