0.0 0.975518 0.3897460000000001 0.015723 0.209141
0.0 0.903965 0.7167580000000001 0.083984 0.375312
0.0 0.857217 0.6953710000000001 0.069434 0.406172
0.0 0.07355 0.7462300000000001 0.041182 0.333672
0.0 0.434375 0.7689069999999999 0.04457 0.308125
0.0 0.479487 0.4551370000000001 0.011904 0.117578
2.0 0.006826 0.1768165 0.00502 0.056016
2.0 0.011631 0.18355450000000006 0.005332 0.08125
0.0 0.006748 0.2270305 0.003652 0.035
0.0 0.00248 0.2132035 0.003398 0.025938
0.0 0.012695 0.7203910000000001 0.025391 0.372812
0.0 0.991602 0.6988285000000001 0.016797 0.401563
0.0 0.011919 0.271738 0.006123 0.047109
0.0 0.517573 0.35523400000000005 0.007686 0.085469
0.0 0.50481 0.7508005 0.039795 0.332266
0.0 0.505825 0.4471675000000001 0.018643 0.104766
0.0 0.01792 0.3254095000000001 0.009023 0.084609
0.0 0.52939 0.4541995 0.018955 0.238672
0.0 0.027109 0.4012300000000001 0.013047 0.139453
