7.0 0.074512 0.3274615000000001 0.006523 0.210625
1.0 0.610869 0.420274 0.020293 0.123906
0.0 0.545469 0.45941350000000003 0.008789 0.05875
0.0 0.985581 0.20892550000000004 0.024287 0.198984
0.0 0.332729 0.7416010000000001 0.093389 0.344531
0.0 0.423965 0.6830665000000001 0.022188 0.269609
6.0 0.688438 0.704101 0.027227 0.394531
6.0 0.611084 0.5163670000000001 0.007051 0.233437
0.0 0.003711 0.2835160000000001 0.007422 0.15375
0.0 0.049814 0.4082620000000001 0.022578 0.204453
0.0 0.890015 0.670351 0.103467 0.439531
6.0 0.950088 0.18730450000000007 0.0075 0.193594
0.0 0.945576 0.6443365000000001 0.048262 0.474219
7.0 0.962822 0.38002 0.011328 0.301484
0.0 0.988735 0.3908005000000001 0.022529 0.245859
0.0 0.450977 0.4953910000000001 0.015742 0.230625
0.0 0.461919 0.5218750000000001 0.013232 0.079375
0.0 0.464155 0.5165425000000001 0.012021 0.076953
