6.0 0.552222 0.5199415000000002 0.004775 0.233984
6.0 0.174561 0.6840040000000002 0.011426 0.419297
6.0 0.25585 0.7635160000000001 0.011934 0.311875
6.0 0.266216 0.7697845 0.01249 0.306953
6.0 0.317139 0.768145 0.015078 0.306484
7.0 0.098569 0.4083205 0.006572 0.151406
6.0 0.960806 0.4914655000000001 0.010029 0.448359
7.0 0.092744 0.42255850000000006 0.004551 0.154766
6.0 0.562891 0.673633 0.016602 0.435156
6.0 0.559478 0.5451370000000001 0.009209 0.233984
4.0 0.095737 0.4892965 0.012764 0.083281
