6.0 0.943218 0.3203710000000001 0.005967 0.187109
6.0 0.890547 0.5671675 0.01002 0.415703
0.0 0.479277 0.4826755 0.009336 0.105859
0.0 0.492329 0.45841750000000003 0.009932 0.094609
0.0 0.019214 0.6912115000000001 0.037744 0.411719
6.0 0.174014 0.5741410000000001 0.006934 0.258281
7.0 0.151191 0.5649415 0.008477 0.265234
0.0 0.197729 0.3090040000000001 0.011924 0.066328
4.0 0.151309 0.6825970000000001 0.017109 0.180547
0.0 0.074746 0.3690625 0.012422 0.066094
0.0 0.098208 0.34914100000000003 0.014072 0.070781
0.0 0.018813 0.3385945 0.011201 0.10125
0.0 0.070132 0.36912100000000003 0.009014 0.058359
0.0 0.295605 0.8792964999999999 0.074609 0.160937
2.0 0.617554 0.23927800000000005 0.177197 0.985703
0.0 0.50582 0.612871 0.019219 0.213047
