0.0 0.394312 0.6445705000000002 0.035361 0.245625
0.0 0.465283 0.4250785000000001 0.009473 0.062344
6.0 0.422363 0.46709050000000013 0.005176 0.127266
6.0 0.415747 0.46492150000000004 0.004033 0.121406
6.0 0.090166 0.4326955000000001 0.006094 0.208906
0.0 0.00772 0.45273400000000014 0.0121 0.150937
0.0 0.501831 0.5597845000000001 0.015381 0.169453
6.0 0.210195 0.5696875000000001 0.00625 0.222031
0.0 0.054106 0.42050800000000005 0.018662 0.1625
6.0 0.207212 0.5445505 0.005732 0.226484
6.0 0.049443 0.32529250000000004 0.003379 0.076172
6.0 0.925005 0.4458205 0.005674 0.217813
