0.0 0.014063 0.507109 0.021289 0.125938
0.0 0.02083 0.4869535000000001 0.019082 0.116875
6.0 0.173892 0.5999215 0.005596 0.184219
6.0 0.205078 0.4808005 0.006309 0.171484
6.0 0.209863 0.4700200000000001 0.004688 0.153516
6.0 0.275508 0.5493550000000001 0.004785 0.103828
6.0 0.283379 0.5384575 0.004336 0.091953
6.0 0.826221 0.4651555000000001 0.007715 0.227188
6.0 0.817676 0.420859 0.010156 0.250312
6.0 0.809727 0.437851 0.006934 0.224531
6.0 0.912739 0.6402340000000002 0.01333 0.477812
5.0 0.773633 0.6907420000000001 0.007773 0.285
5.0 0.984785 0.760234 0.013203 0.319688
5.0 0.778467 0.5800000000000001 0.00582 0.188594
5.0 0.905391 0.7901755000000001 0.00793 0.279766
5.0 0.901357 0.794218 0.005371 0.274062
5.0 0.895469 0.7816795 0.006816 0.291094
5.0 0.877354 0.7680865000000001 0.011934 0.309219
