6.0 0.075474 0.4410160000000001 0.008311 0.225
6.0 0.116265 0.5561530000000001 0.009951 0.380859
6.0 0.88709 0.562891 0.026504 0.582812
6.0 0.703105 0.5662885000000001 0.015371 0.568438
6.0 0.134023 0.6325585000000001 0.010371 0.387734
6.0 0.161167 0.6769135000000001 0.008154 0.36
6.0 0.16542 0.6868165 0.007539 0.392734
6.0 0.147417 0.638476 0.007939 0.379531
6.0 0.181836 0.6915625000000002 0.011387 0.400312
6.0 0.197642 0.7186330000000001 0.009971 0.333281
6.0 0.217598 0.7636330000000001 0.013379 0.315156
6.0 0.232876 0.7060345000000001 0.009932 0.391953
6.0 0.256045 0.7039840000000002 0.010762 0.394687
6.0 0.243345 0.6823045000000001 0.010283 0.405781
6.0 0.269385 0.7171675000000001 0.010352 0.377109
6.0 0.294204 0.6803125000000001 0.009541 0.399219
6.0 0.318198 0.7151755000000001 0.014033 0.379766
6.0 0.327007 0.7584175000000002 0.013955 0.322109
6.0 0.344365 0.7239655 0.012598 0.283516
6.0 0.346855 0.7236715 0.010566 0.360156
6.0 0.362222 0.717109 0.010205 0.296875
6.0 0.373628 0.7018165000000001 0.009658 0.298516
6.0 0.651689 0.5299615 0.01791 0.626719
6.0 0.655898 0.539629 0.018184 0.613828
6.0 0.639297 0.535 0.018965 0.62
6.0 0.613696 0.6436330000000001 0.015869 0.475156
6.0 0.604536 0.5979295 0.013193 0.52875
6.0 0.579971 0.6109375 0.017734 0.51875
6.0 0.55439 0.5961130000000001 0.008096 0.380391
6.0 0.543564 0.4982035 0.00707 0.314219
6.0 0.388198 0.6046675000000001 0.008389 0.314609
6.0 0.399424 0.655468 0.008691 0.298125
6.0 0.960449 0.36244150000000014 0.005508 0.203828
