0.0 0.021797 0.37363300000000005 0.01332 0.128906
0.0 0.507407 0.5376955000000001 0.025381 0.23125
0.0 0.508271 0.7574215000000002 0.042637 0.31125
0.0 0.4 0.3907420000000001 0.013711 0.085
2.0 0.028779 0.2359375 0.022734 0.214375
0.0 0.114023 0.653242 0.096367 0.462344
1.0 0.478232 0.27988300000000005 0.026934 0.330313
0.0 0.01543 0.6888670000000001 0.030859 0.414531
6.0 0.513892 0.30976600000000004 0.003916 0.086562
6.0 0.52376 0.3085930000000001 0.004355 0.090469
2.0 0.015757 0.20939500000000005 0.014111 0.148359
