0.0 0.096899 0.5390425 0.031396 0.214609
0.0 0.432944 0.5334760000000002 0.022021 0.166094
0.0 0.467441 0.4097845000000001 0.012578 0.098359
0.0 0.405244 0.39736300000000013 0.012578 0.094922
6.0 0.397197 0.505762 0.00584 0.170859
6.0 0.389531 0.4865425000000001 0.004258 0.150234
0.0 0.369277 0.3835345 0.011348 0.078516
0.0 0.389263 0.38863300000000006 0.0154 0.082188
6.0 0.067495 0.3638470000000001 0.004658 0.128047
0.0 0.009316 0.4565425000000001 0.01418 0.166328
0.0 0.503584 0.5540425 0.015371 0.169453
6.0 0.134814 0.4580080000000001 0.00584 0.189688
0.0 0.031587 0.32576200000000005 0.0079 0.075234
6.0 0.121724 0.4136530000000001 0.005381 0.149453
6.0 0.964399 0.3730465 0.003877 0.130625
