7.0 0.009678 0.3643750000000001 0.006367 0.173438
6.0 0.073813 0.34773400000000004 0.004053 0.095156
0.0 0.493682 0.793105 0.034199 0.267578
0.0 0.503027 0.6680665000000001 0.028711 0.190234
0.0 0.551655 0.4641595000000001 0.026807 0.182578
0.0 0.590347 0.5018365000000001 0.019385 0.114219
0.0 0.617734 0.485137 0.019551 0.104922
0.0 0.640562 0.4816795 0.016104 0.102031
0.0 0.058774 0.3832420000000001 0.017139 0.122188
0.0 0.061392 0.33625000000000005 0.009014 0.085938
0.0 0.126968 0.38886700000000013 0.0221 0.133594
7.0 0.019033 0.4244335 0.008516 0.134297
6.0 0.066782 0.3435745 0.005654 0.127266
7.0 0.293604 0.3116995 0.005176 0.069453
7.0 0.412139 0.35019550000000005 0.006504 0.107031
6.0 0.498691 0.45683650000000003 0.00498 0.108438
6.0 0.504224 0.45742150000000004 0.004229 0.102656
