0.0 0.485161 0.40908250000000007 0.01335 0.089453
0.0 0.012153 0.2757805 0.008486 0.076562
0.0 0.507192 0.5276755000000001 0.024326 0.218047
0.0 0.507666 0.7574215000000002 0.042637 0.31125
0.0 0.399609 0.3983005000000001 0.014746 0.090859
2.0 0.019512 0.20318350000000004 0.013477 0.150859
0.0 0.024634 0.3419335000000001 0.018447 0.175547
1.0 0.348066 0.25000000000000006 0.23207 1.0
0.0 0.015112 0.687343 0.030225 0.414531
6.0 0.508931 0.3071875 0.003662 0.086562
6.0 0.514683 0.3104680000000001 0.004346 0.090469
2.0 0.012842 0.19914100000000004 0.01123 0.148281
