0.0 0.495947 0.28287100000000004 0.015098 0.097578
0.0 0.363516 0.4656250000000001 0.02125 0.120312
6.0 0.26709 0.753496 0.007988 0.250547
0.0 0.501401 0.7954494999999999 0.058857 0.272734
0.0 0.480674 0.633262 0.025039 0.265234
0.0 0.350752 0.4199215 0.016543 0.08625
0.0 0.417349 0.381895 0.015283 0.101484
0.0 0.016792 0.7007620000000001 0.033584 0.398984
6.0 0.226909 0.482149 0.002217 0.076562
6.0 0.235239 0.48437500000000006 0.001963 0.069531
0.0 0.461133 0.31052800000000014 0.016074 0.112109
6.0 0.114888 0.3303910000000001 0.002354 0.064844
0.0 0.988726 0.7003510000000001 0.022549 0.399531
