7.0 0.970439 0.410371 0.01041 0.371328
6.0 0.550767 0.5295505 0.011748 0.378203
0.0 0.026323 0.5014840000000002 0.014541 0.158438
0.0 0.050718 0.7109575000000001 0.039189 0.327578
0.0 0.149409 0.2841595000000001 0.17833 0.954453
0.0 0.451377 0.673633 0.050371 0.435156
0.0 0.476621 0.5461915 0.020195 0.232422
6.0 0.05439 0.3971875000000001 0.005537 0.171406
6.0 0.061499 0.4092580000000001 0.005654 0.155
6.0 0.044541 0.3793165000000001 0.004336 0.131953
6.0 0.040825 0.3782035000000001 0.005654 0.133594
