7.0 0.073423 0.33384700000000006 0.006533 0.204297
1.0 0.610698 0.41101600000000005 0.018057 0.119219
0.0 0.548252 0.4706050000000001 0.008105 0.055859
0.0 0.98417 0.2040625 0.024277 0.203281
0.0 0.370327 0.7537885 0.072979 0.328281
0.0 0.430039 0.6707035 0.019023 0.239063
6.0 0.658159 0.6852925000000001 0.026201 0.414922
6.0 0.606694 0.5149615000000002 0.007158 0.234844
0.0 0.004102 0.246133 0.008203 0.15375
0.0 0.060337 0.45314500000000013 0.028936 0.240234
0.0 0.876924 0.6697660000000001 0.112266 0.440312
6.0 0.947627 0.156895 0.007695 0.212891
0.0 0.941079 0.6240040000000001 0.053291 0.501328
7.0 0.960557 0.3629695 0.012109 0.319687
0.0 0.988486 0.37123000000000006 0.023027 0.252891
0.0 0.452603 0.511738 0.015518 0.211328
0.0 0.463364 0.5245705 0.013232 0.079375
0.0 0.466772 0.5313085000000001 0.012021 0.076953
