7.0 0.519395 0.4276555000000001 0.003086 0.136406
6.0 0.515557 0.4227340000000001 0.003027 0.103906
0.0 0.46082 0.7082620000000001 0.033105 0.358984
0.0 0.481489 0.5587885000000001 0.01749 0.178906
6.0 0.345234 0.6259960000000001 0.010176 0.398203
6.0 0.359766 0.6017965000000002 0.00957 0.318906
0.0 0.01811 0.376504 0.011299 0.096797
0.0 0.026313 0.4070905000000001 0.01499 0.148047
0.0 0.041958 0.5662885000000001 0.022725 0.206406
0.0 0.092646 0.6281050000000001 0.08209 0.495859
6.0 0.05915 0.4149415 0.005078 0.193828
0.0 0.358813 0.6780280000000002 0.14126 0.429297
6.0 0.238413 0.6886915 0.009521 0.398984
6.0 0.24127 0.6816595 0.012441 0.416953
