0.0 0.459575 0.4936915 0.015088 0.142266
0.0 0.029639 0.3156835 0.006484 0.057734
0.0 0.036836 0.3428125000000001 0.00748 0.081719
0.0 0.056787 0.4241410000000001 0.014434 0.123906
2.0 0.221655 0.5089840000000001 0.175928 0.652656
2.0 0.378887 0.44324200000000014 0.117168 0.511719
6.0 0.126431 0.5033005 0.004854 0.176484
6.0 0.13167 0.5023630000000001 0.005176 0.167578
0.0 0.13272 0.3692965000000001 0.018096 0.125
0.0 0.444438 0.5093365000000001 0.015459 0.143437
0.0 0.373462 0.7626370000000001 0.053896 0.309141
0.0 0.091567 0.5151955 0.030811 0.249375
6.0 0.238203 0.5565625000000001 0.005645 0.256406
6.0 0.56833 0.42402400000000007 0.004844 0.139375
0.0 0.007075 0.4911715 0.01415 0.182969
0.0 0.506899 0.5638870000000001 0.016279 0.154766
