6.0 0.069048 0.3149800000000001 0.004053 0.095078
7.0 0.994321 0.48835900000000004 0.008604 0.33375
7.0 0.971772 0.35265700000000005 0.005166 0.147188
0.0 0.493779 0.7840239999999999 0.032285 0.273906
0.0 0.503027 0.6680665000000001 0.028711 0.190234
0.0 0.525181 0.461347 0.026885 0.198516
0.0 0.569526 0.503653 0.018838 0.118203
0.0 0.610713 0.4931635 0.020273 0.110313
0.0 0.640752 0.4794535000000001 0.016699 0.109687
0.0 0.135527 0.3962500000000001 0.026797 0.124531
0.0 0.061392 0.33625000000000005 0.009014 0.085938
0.0 0.126968 0.38886700000000013 0.0221 0.133594
6.0 0.056074 0.3234175000000001 0.004824 0.111797
7.0 0.264688 0.3225385000000001 0.005 0.068437
7.0 0.392148 0.281347 0.006152 0.095859
6.0 0.509546 0.4690825000000001 0.004971 0.110391
6.0 0.516631 0.46222600000000014 0.005293 0.108594
