7.0 0.471572 0.39466750000000006 0.003301 0.083672
4.0 0.471064 0.43949200000000005 0.003398 0.051719
4.0 0.655728 0.5503510000000001 0.014756 0.159844
0.0 0.0279 0.6847660000000001 0.039023 0.420312
0.0 0.087778 0.5188870000000001 0.024893 0.159766
0.0 0.131797 0.4416010000000001 0.021738 0.140469
6.0 0.39521 0.56248 0.004814 0.250078
0.0 0.151733 0.8300785000000002 0.116553 0.226562
0.0 0.50873 0.6514840000000001 0.024121 0.291875
0.0 0.524297 0.4434175 0.010117 0.082578
0.0 0.50936 0.4024615 0.00958 0.068594
6.0 0.95354 0.3714655 0.004658 0.183047
4.0 0.769858 0.5846875000000001 0.011201 0.221562
4.0 0.74085 0.6020905000000001 0.013828 0.201641
4.0 0.703228 0.5858005000000002 0.016787 0.180859
