6.0 0.961948 0.2590240000000001 0.002588 0.099062
0.0 0.542026 0.4048045000000001 0.01751 0.115
7.0 0.474863 0.366601 0.004551 0.05875
7.0 0.485049 0.3965425 0.006074 0.092109
6.0 0.187158 0.6089455 0.011172 0.385469
6.0 0.626665 0.7480465000000001 0.010166 0.335312
6.0 0.601729 0.6216010000000001 0.009102 0.352813
6.0 0.628291 0.6511915 0.009922 0.356797
6.0 0.642773 0.6673045000000001 0.009629 0.43625
0.0 0.387334 0.36818350000000005 0.014805 0.077109
0.0 0.014155 0.40761700000000006 0.016338 0.17375
6.0 0.332148 0.413887 0.005371 0.190703
7.0 0.43269 0.4216210000000001 0.008857 0.110078
0.0 0.535742 0.4139455 0.012305 0.141406
6.0 0.346226 0.3244135000000001 0.004131 0.097969
0.0 0.154155 0.803125 0.108115 0.2625
0.0 0.950103 0.6912115000000001 0.043584 0.396094
0.0 0.513486 0.7234375000000002 0.043145 0.36875
6.0 0.533584 0.3849415 0.002949 0.103828
