0.0 0.972456 0.314218 0.009912 0.095625
0.0 0.919961 0.603496 0.028594 0.283359
0.0 0.828555 0.6428710000000001 0.14832 0.473828
0.0 0.536235 0.5640040000000001 0.026064 0.265703
0.0 0.549463 0.460762 0.014434 0.191484
0.0 0.02626 0.38242150000000014 0.012461 0.114062
0.0 0.076787 0.7479295000000001 0.051172 0.336094
0.0 0.428667 0.7892965000000002 0.048936 0.280937
0.0 0.003369 0.21074200000000007 0.003027 0.027344
0.0 0.012695 0.7203910000000001 0.025391 0.372812
0.0 0.991602 0.6988285000000001 0.016797 0.401563
0.0 0.006929 0.23417950000000007 0.003779 0.033438
0.0 0.50481 0.7508005 0.039795 0.332266
0.0 0.505825 0.4471675000000001 0.018643 0.104766
0.0 0.010967 0.2596090000000001 0.004883 0.049687
0.0 0.515654 0.3367780000000001 0.008203 0.094297
0.0 0.015723 0.30138700000000007 0.007324 0.066641
