0.0 0.378252 0.6728125 0.041074 0.27625
0.0 0.464902 0.4272460000000001 0.010215 0.068984
6.0 0.421411 0.46738300000000005 0.005225 0.130625
6.0 0.414204 0.46732450000000003 0.004053 0.123672
6.0 0.087915 0.42753850000000004 0.005908 0.2
0.0 0.007876 0.4529095 0.012295 0.152422
0.0 0.501821 0.558496 0.015381 0.169453
6.0 0.20252 0.5591410000000001 0.006211 0.219688
0.0 0.049492 0.4032220000000001 0.015586 0.139453
6.0 0.19791 0.5337115000000001 0.005742 0.223438
6.0 0.049443 0.32529250000000004 0.003379 0.076172
6.0 0.929536 0.44048800000000005 0.005615 0.209609
