0.0 0.982803 0.44875 0.019629 0.114063
0.0 0.990195 0.4096675000000001 0.019609 0.119922
6.0 0.147842 0.5260345000000002 0.005605 0.184297
6.0 0.17541 0.3866995000000001 0.006543 0.168516
6.0 0.181221 0.3870505 0.006523 0.171484
6.0 0.245073 0.50377 0.004795 0.103828
6.0 0.252563 0.49427800000000005 0.004326 0.099297
6.0 0.772466 0.4563085 0.008369 0.260859
6.0 0.765342 0.45373000000000013 0.006914 0.265703
6.0 0.758838 0.43919950000000013 0.007832 0.233672
6.0 0.85231 0.6337300000000001 0.016475 0.488359
5.0 0.713799 0.682129 0.008262 0.274609
5.0 0.944292 0.760234 0.013174 0.319688
5.0 0.724541 0.5723245000000001 0.006582 0.202891
5.0 0.730259 0.5318365000000002 0.005537 0.168906
5.0 0.843569 0.8030665000000001 0.007119 0.262578
5.0 0.839023 0.8059959999999999 0.005859 0.256016
5.0 0.831885 0.801133 0.007129 0.265156
5.0 0.813545 0.770371 0.016797 0.306172
