0.0 0.051099 0.3887500000000001 0.014756 0.112344
0.0 0.09333 0.5254495000000001 0.031387 0.210859
0.0 0.342891 0.7815040000000001 0.0625 0.291328
0.0 0.296035 0.4941010000000001 0.026758 0.140469
2.0 0.449185 0.4069135 0.033584 0.232187
2.0 0.43502 0.42009700000000005 0.052344 0.300703
6.0 0.238467 0.6386530000000001 0.006035 0.252422
6.0 0.236958 0.6125785000000001 0.005635 0.245
0.0 0.219028 0.4458205 0.025498 0.140625
0.0 0.290312 0.4523245 0.023398 0.117734
0.0 0.477969 0.4457035 0.010859 0.07625
0.0 0.436963 0.5514655 0.026133 0.232266
6.0 0.388511 0.524512 0.005264 0.193047
6.0 0.545796 0.38687500000000014 0.003584 0.110625
0.0 0.007661 0.48642550000000007 0.01415 0.166328
0.0 0.508784 0.5657620000000001 0.015654 0.164922
6.0 0.07438 0.3633205000000001 0.004404 0.096406
