6.0 0.069048 0.3149800000000001 0.004053 0.095078
7.0 0.945132 0.6766795 0.020283 0.424844
7.0 0.981538 0.3670705 0.005088 0.147188
7.0 0.97752 0.3368950000000001 0.004629 0.151172
0.0 0.493779 0.7970905000000001 0.032285 0.256484
0.0 0.503027 0.6680665000000001 0.028711 0.190234
0.0 0.491152 0.4933990000000001 0.028574 0.262656
0.0 0.528135 0.5050585000000002 0.020156 0.108828
0.0 0.579224 0.5103910000000002 0.020459 0.110313
0.0 0.625762 0.488125 0.018066 0.116406
0.0 0.201187 0.3564655 0.013154 0.089922
0.0 0.061392 0.33625000000000005 0.009014 0.085938
0.0 0.126968 0.38886700000000013 0.0221 0.133594
6.0 0.054541 0.3056635 0.00377 0.095625
7.0 0.381299 0.240976 0.005625 0.078594
6.0 0.518589 0.47933650000000005 0.004971 0.112031
6.0 0.526289 0.4658005 0.005293 0.108672
