0.0 0.582319 0.5908405 0.032627 0.207266
7.0 0.429365 0.5804095000000001 0.009043 0.345859
4.0 0.430498 0.7148245000000001 0.009258 0.226016
6.0 0.592603 0.6639055 0.009443 0.391875
6.0 0.748267 0.41699200000000003 0.004072 0.108594
0.0 0.012993 0.6734575000000002 0.025986 0.435391
2.0 0.042676 0.312226 0.013672 0.124375
0.0 0.050723 0.5889070000000001 0.026074 0.234063
6.0 0.186855 0.3694135000000001 0.003223 0.083125
0.0 0.08563 0.7580079999999999 0.065322 0.322656
0.0 0.232236 0.6849415000000001 0.16916 0.420078
0.0 0.515537 0.7401955000000001 0.038594 0.342344
7.0 0.61166 0.6347845 0.010957 0.437109
4.0 0.612529 0.7728325 0.022324 0.247109
7.0 0.581904 0.6389455 0.010605 0.388281
6.0 0.741699 0.430351 0.003613 0.106563
