0.0 0.979546 0.3643750000000001 0.016006 0.174844
0.0 0.969653 0.31210900000000014 0.011064 0.093906
0.0 0.430483 0.7758205 0.048135 0.298906
0.0 0.481353 0.4641595000000001 0.011299 0.103828
0.0 0.490269 0.35324200000000006 0.004854 0.055937
2.0 0.011299 0.18220750000000005 0.00623 0.079297
2.0 0.016538 0.19263700000000003 0.0071 0.103047
0.0 0.010596 0.2536915000000001 0.004844 0.049609
0.0 0.006216 0.2307805 0.004775 0.030469
0.0 0.010698 0.709258 0.021396 0.387656
0.0 0.992739 0.6460345000000001 0.014521 0.358984
0.0 0.020093 0.35324200000000006 0.011768 0.082656
0.0 0.529473 0.4941595 0.018555 0.214766
0.0 0.50481 0.7508005 0.039795 0.332266
0.0 0.505825 0.4471675000000001 0.018643 0.104766
0.0 0.033159 0.4597075 0.022432 0.189297
0.0 0.866313 0.6268750000000001 0.106084 0.495781
0.0 0.516313 0.33320350000000004 0.007275 0.087188
0.0 0.083701 0.7469335 0.05584 0.308516
