0.0 0.602749 0.4276555000000001 0.021162 0.13125
0.0 0.630688 0.3957805000000001 0.016123 0.100781
0.0 0.027051 0.48238300000000006 0.019922 0.232344
0.0 0.289849 0.9367179999999999 0.072061 0.084375
0.0 0.4446 0.6984175000000001 0.033867 0.341641
0.0 0.488677 0.483262 0.010732 0.087578
0.0 0.472612 0.5045305000000001 0.010068 0.12
0.0 0.004219 0.47382850000000004 0.008438 0.197813
7.0 0.054478 0.3740425 0.004463 0.122109
4.0 0.054697 0.4440625000000001 0.004844 0.079063
2.0 0.762988 0.25996150000000007 0.214453 0.986719
0.0 0.506094 0.47927800000000004 0.008965 0.115859
