0.0 0.492778 0.799024 0.035635 0.262813
0.0 0.496855 0.579472 0.026582 0.188203
0.0 0.549238 0.4381450000000001 0.024355 0.174297
0.0 0.581382 0.4875970000000001 0.0204 0.095391
0.0 0.609995 0.4723045 0.018115 0.094219
0.0 0.632803 0.47177800000000003 0.015723 0.089141
0.0 0.040205 0.37328050000000007 0.00916 0.065156
0.0 0.058804 0.3378325000000001 0.009014 0.086016
0.0 0.129805 0.4046875000000001 0.023398 0.129531
7.0 0.030957 0.4032805000000001 0.005898 0.100156
6.0 0.085522 0.38072200000000006 0.005654 0.141328
7.0 0.336602 0.29042950000000006 0.006211 0.117812
7.0 0.481201 0.4571290000000001 0.00707 0.163047
6.0 0.479102 0.433867 0.00498 0.101406
6.0 0.481973 0.43750000000000006 0.004102 0.0975
