0.0 0.976777 0.3805465 0.014707 0.20125
0.0 0.917197 0.7007620000000001 0.073848 0.395547
0.0 0.874297 0.6859375000000001 0.060273 0.414844
0.0 0.081392 0.7616995 0.049521 0.314297
0.0 0.439941 0.7556050000000001 0.040273 0.325859
0.0 0.480117 0.44804650000000007 0.011406 0.114219
2.0 0.007012 0.1771675 0.005098 0.057109
2.0 0.01186 0.18396550000000006 0.00542 0.082266
0.0 0.006934 0.22832050000000004 0.003711 0.035625
0.0 0.002666 0.2132035 0.003457 0.025938
0.0 0.012695 0.7203910000000001 0.025391 0.372812
0.0 0.991602 0.6988285000000001 0.016797 0.401563
0.0 0.012183 0.274258 0.006318 0.047656
0.0 0.517881 0.3604495 0.007988 0.088672
0.0 0.50481 0.7508005 0.039795 0.332266
0.0 0.505825 0.4471675000000001 0.018643 0.104766
0.0 0.018389 0.3288670000000001 0.009238 0.086406
0.0 0.531616 0.4755280000000001 0.020674 0.266172
0.0 0.027891 0.40726600000000013 0.013437 0.143594
