0.0 0.995142 0.28697200000000006 0.007217 0.102422
6.0 0.96084 0.26042950000000004 0.002598 0.10375
0.0 0.521362 0.3910345 0.016475 0.107109
7.0 0.449424 0.3523045000000001 0.004551 0.05875
7.0 0.431846 0.3900385 0.006055 0.095313
6.0 0.536128 0.3848245000000001 0.003525 0.081641
6.0 0.221543 0.6454495000000001 0.012305 0.408516
6.0 0.66792 0.7447075000000001 0.011211 0.331172
6.0 0.619697 0.647383 0.01 0.387344
6.0 0.653779 0.6842965000000001 0.011426 0.376719
6.0 0.683389 0.6801955000000001 0.009902 0.426406
0.0 0.38229 0.35113300000000003 0.014814 0.077187
6.0 0.34814 0.43275400000000014 0.005381 0.191641
7.0 0.44397 0.43275400000000014 0.008857 0.110078
6.0 0.332505 0.319024 0.004131 0.097969
0.0 0.029141 0.4941010000000001 0.028594 0.25875
0.0 0.765464 0.937891 0.081064 0.082812
0.0 0.513486 0.7234375000000002 0.043145 0.36875
6.0 0.535215 0.3815425 0.002949 0.103828
