7.0 0.013921 0.348496 0.006357 0.152266
6.0 0.075859 0.34773400000000004 0.004063 0.095156
0.0 0.493667 0.7946290000000001 0.034521 0.266484
0.0 0.503027 0.6680665000000001 0.028711 0.190234
0.0 0.554497 0.4625785000000001 0.026396 0.178906
0.0 0.590894 0.5044720000000001 0.019502 0.112266
0.0 0.617622 0.48507850000000013 0.019326 0.103281
0.0 0.640527 0.4816795 0.016035 0.102031
0.0 0.053428 0.381895 0.014238 0.101484
0.0 0.061392 0.33625000000000005 0.009014 0.085938
0.0 0.126968 0.38886700000000013 0.0221 0.133594
7.0 0.021704 0.4057420000000001 0.008506 0.126875
6.0 0.06875 0.35002 0.005645 0.127266
7.0 0.298325 0.3046675 0.005869 0.073516
7.0 0.417568 0.37058650000000004 0.006504 0.114063
6.0 0.496958 0.4565425000000001 0.004971 0.108203
6.0 0.502231 0.4570705000000001 0.004111 0.102031
