7.0 0.457832 0.42179650000000013 0.004102 0.124062
4.0 0.45771 0.47341750000000005 0.004834 0.076016
4.0 0.711064 0.5562700000000002 0.010078 0.210234
0.0 0.017974 0.6866410000000001 0.034971 0.417813
0.0 0.0521 0.4705465000000001 0.023164 0.151094
0.0 0.092402 0.4250785000000001 0.019687 0.140469
6.0 0.346201 0.648379 0.006875 0.315703
0.0 0.074004 0.7435345 0.052246 0.339766
0.0 0.51146 0.669355 0.027002 0.297578
0.0 0.523896 0.42044950000000003 0.010117 0.082578
0.0 0.509561 0.4121290000000001 0.010859 0.079297
6.0 0.961548 0.3515425 0.004697 0.153359
4.0 0.833701 0.5301370000000001 0.015547 0.207266
4.0 0.81271 0.5515825000000001 0.011533 0.187109
4.0 0.768247 0.564532 0.012744 0.179219
