0.0 0.021191 0.6644335000000001 0.033477 0.424766
0.0 0.037681 0.4410160000000001 0.017178 0.149844
2.0 0.069785 0.4077340000000001 0.024336 0.306562
0.0 0.082275 0.7375585 0.047227 0.349922
0.0 0.184966 0.8233404999999999 0.113916 0.235547
6.0 0.205518 0.3898630000000001 0.003945 0.118047
0.0 0.402671 0.7912885000000002 0.073135 0.278281
0.0 0.454717 0.6725785000000002 0.038945 0.436562
0.0 0.498779 0.7409575 0.04082 0.345391
7.0 0.55271 0.5141410000000001 0.006182 0.234844
4.0 0.554043 0.5927155000000002 0.013691 0.115859
7.0 0.540674 0.4808005 0.005273 0.183047
6.0 0.683569 0.4536130000000001 0.002959 0.094453
