6.0 0.100386 0.5083990000000002 0.012764 0.314844
6.0 0.161289 0.6366010000000001 0.013008 0.45875
6.0 0.196812 0.6498445 0.007939 0.395
6.0 0.757065 0.5553910000000002 0.026494 0.592812
6.0 0.631025 0.5158990000000001 0.01125 0.447031
6.0 0.180747 0.6551755000000001 0.011689 0.441172
6.0 0.199272 0.6551170000000002 0.008271 0.389219
6.0 0.20625 0.702343 0.010371 0.396875
6.0 0.223662 0.7243750000000001 0.013086 0.356406
6.0 0.233931 0.699238 0.011689 0.401016
6.0 0.248438 0.712246 0.011387 0.383672
6.0 0.265942 0.7467580000000001 0.009971 0.326563
6.0 0.290854 0.7426555 0.013369 0.315781
6.0 0.309624 0.6878125 0.009932 0.41625
6.0 0.320356 0.6981835000000001 0.009561 0.402422
6.0 0.324556 0.6877540000000001 0.010283 0.416328
6.0 0.337129 0.6928510000000001 0.010352 0.387031
6.0 0.352974 0.615508 0.008506 0.321094
6.0 0.37583 0.6423445000000001 0.012246 0.349844
6.0 0.37751 0.6506050000000001 0.010254 0.253828
6.0 0.387773 0.653242 0.012793 0.265
6.0 0.394741 0.6027340000000001 0.010557 0.292187
6.0 0.40022 0.6086530000000001 0.007803 0.226641
6.0 0.405898 0.600274 0.006953 0.231719
6.0 0.576367 0.571387 0.012891 0.517891
6.0 0.585024 0.5653510000000002 0.012412 0.523906
6.0 0.564834 0.6320905000000001 0.009395 0.406172
6.0 0.547896 0.582871 0.012881 0.425703
6.0 0.951543 0.4145905000000001 0.00668 0.244609
