6.0 0.079805 0.3575785 0.004746 0.099531
0.0 0.493623 0.7991995000000002 0.035488 0.263359
0.0 0.503027 0.6680665000000001 0.028711 0.190234
0.0 0.5579 0.453262 0.025488 0.174297
0.0 0.591313 0.5016595 0.019834 0.106172
0.0 0.61729 0.4851955 0.018662 0.098438
0.0 0.640425 0.4816795 0.01583 0.102031
0.0 0.045171 0.38113300000000006 0.00917 0.065156
0.0 0.061392 0.33625000000000005 0.009014 0.085938
0.0 0.126968 0.38886700000000013 0.0221 0.133594
7.0 0.029136 0.40158250000000006 0.008389 0.125703
6.0 0.073276 0.37421800000000005 0.005654 0.127188
7.0 0.313931 0.29582050000000004 0.006221 0.101406
7.0 0.437534 0.4294135 0.006787 0.151406
6.0 0.491611 0.465859 0.00498 0.108906
6.0 0.496738 0.4570705000000001 0.004102 0.102031
