0.0 0.990288 0.252343 0.007041 0.08
6.0 0.959956 0.2616010000000001 0.002588 0.1075
6.0 0.962998 0.26019550000000014 0.002578 0.105469
0.0 0.513721 0.3827155000000001 0.008105 0.094922
7.0 0.429072 0.3409375000000001 0.004551 0.05875
7.0 0.385952 0.35617150000000003 0.00583 0.1
6.0 0.532505 0.3814255 0.003525 0.081641
6.0 0.251855 0.66373 0.011484 0.410391
6.0 0.707729 0.7487500000000001 0.012061 0.327813
6.0 0.639517 0.6442195000000001 0.010713 0.415
6.0 0.680752 0.709024 0.012324 0.387969
6.0 0.718467 0.6905665000000002 0.009902 0.412266
0.0 0.381387 0.35113300000000003 0.014805 0.077187
6.0 0.361055 0.4462885 0.005371 0.191719
7.0 0.446655 0.42994150000000003 0.008857 0.110078
6.0 0.325327 0.3159760000000001 0.004131 0.097969
0.0 0.00894 0.36314500000000005 0.013369 0.166328
0.0 0.580962 0.7859575000000001 0.063154 0.253828
0.0 0.513486 0.7234375000000002 0.043145 0.36875
6.0 0.536523 0.3788470000000001 0.002949 0.103828
