0.0 0.082646 0.3993550000000001 0.01209 0.071641
7.0 0.232495 0.6561715000000001 0.010166 0.354531
4.0 0.232573 0.7936330000000001 0.022158 0.211094
6.0 0.444126 0.47582050000000004 0.00417 0.1375
6.0 0.474116 0.41060500000000005 0.003467 0.093984
6.0 0.46812 0.42326200000000014 0.003662 0.098828
6.0 0.465469 0.437383 0.003867 0.115
6.0 0.541108 0.42009700000000005 0.004385 0.144453
6.0 0.537422 0.4165825000000001 0.003359 0.134141
6.0 0.53186 0.4080865000000001 0.003877 0.124219
0.0 0.976338 0.5797660000000001 0.023398 0.22375
4.0 0.864678 0.485137 0.01002 0.150391
0.0 0.017729 0.7038670000000001 0.035459 0.394844
0.0 0.008198 0.3525385 0.01292 0.094844
6.0 0.123384 0.570391 0.006709 0.277188
0.0 0.026318 0.4515625000000001 0.016367 0.15875
0.0 0.50897 0.757246 0.038818 0.323672
0.0 0.520986 0.4301755000000001 0.010117 0.082578
0.0 0.505459 0.47377 0.016133 0.123516
4.0 0.915488 0.41910100000000006 0.012305 0.131875
4.0 0.909531 0.42050800000000005 0.010547 0.110781
4.0 0.892158 0.44324200000000014 0.013867 0.143594
