0.0 0.485752 0.40058650000000007 0.008438 0.067812
2.0 0.020581 0.2100385 0.00833 0.121719
2.0 0.037163 0.2596675000000001 0.022861 0.208984
0.0 0.025444 0.3949615 0.014248 0.11125
0.0 0.015557 0.32259700000000013 0.008613 0.063047
0.0 0.006431 0.5074030000000002 0.012861 0.181797
0.0 0.996382 0.4769920000000001 0.007236 0.222656
0.0 0.114058 0.8329495000000001 0.077783 0.221797
0.0 0.947568 0.6592195000000001 0.04709 0.449688
0.0 0.50481 0.7508005 0.039795 0.332266
0.0 0.505825 0.4471675000000001 0.018643 0.104766
0.0 0.442827 0.7496875000000001 0.037803 0.322812
7.0 0.590713 0.22960900000000004 0.003301 0.088438
7.0 0.583247 0.3753325000000001 0.005967 0.140078
0.0 0.983125 0.3435745 0.013711 0.150234
0.0 0.518765 0.37709050000000005 0.008057 0.102891
0.0 0.54293 0.5411530000000001 0.028906 0.367578
0.0 0.47377 0.513847 0.018887 0.177422
