7.0 0.42729 0.4875970000000001 0.005693 0.182734
4.0 0.427476 0.5638870000000001 0.007178 0.099297
6.0 0.46812 0.4341595000000001 0.003877 0.109453
4.0 0.780322 0.5561530000000001 0.009609 0.215234
0.0 0.015059 0.6888670000000001 0.030117 0.414844
0.0 0.052915 0.389395 0.019053 0.123516
6.0 0.255698 0.7036330000000001 0.011045 0.39
0.0 0.041982 0.606367 0.032168 0.299375
0.0 0.508682 0.718222 0.030469 0.333516
0.0 0.522227 0.41951200000000005 0.010117 0.082578
0.0 0.508633 0.428887 0.012402 0.092266
6.0 0.964927 0.3288670000000001 0.004072 0.129531
4.0 0.879331 0.4525585000000001 0.014326 0.164297
4.0 0.864438 0.495157 0.018369 0.168906
4.0 0.827847 0.5338870000000001 0.011924 0.168828
