7.0 0.52998 0.372403 0.004551 0.058828
6.0 0.132905 0.5088670000000001 0.00874 0.300937
6.0 0.579058 0.6983005000000001 0.010088 0.363984
6.0 0.565586 0.5641210000000001 0.007266 0.281484
6.0 0.585117 0.5821090000000001 0.006797 0.315625
6.0 0.589624 0.6211915000000001 0.006826 0.365234
0.0 0.418999 0.41066350000000007 0.016514 0.114063
0.0 0.383721 0.7918165 0.087207 0.277578
6.0 0.301953 0.368008 0.005371 0.184219
7.0 0.352173 0.38107450000000004 0.008857 0.110078
0.0 0.426431 0.39308650000000006 0.018896 0.146406
6.0 0.387349 0.3518950000000001 0.004131 0.121797
0.0 0.472124 0.5392195000000001 0.018467 0.196094
0.0 0.978818 0.3130465000000001 0.009883 0.116406
0.0 0.513486 0.7234375000000002 0.043145 0.36875
6.0 0.528501 0.375976 0.002939 0.091719
