0.0 0.611099 0.5836330000000001 0.033135 0.202656
7.0 0.396895 0.6514840000000001 0.015 0.461562
4.0 0.394834 0.826153 0.019102 0.231797
6.0 0.60978 0.6837115 0.009736 0.411406
6.0 0.754912 0.4096675000000001 0.004082 0.113359
0.0 0.012593 0.6738085 0.025186 0.434922
2.0 0.041025 0.3146875 0.012324 0.111875
0.0 0.044746 0.5563870000000002 0.022891 0.204766
6.0 0.183208 0.360097 0.003135 0.080078
0.0 0.069482 0.732109 0.047266 0.357187
0.0 0.157363 0.6605080000000001 0.134238 0.452656
0.0 0.526084 0.7422460000000001 0.045488 0.343672
7.0 0.633076 0.6426955 0.012813 0.476406
4.0 0.633687 0.8059375000000001 0.027334 0.25875
7.0 0.594761 0.6578710000000001 0.011338 0.420547
6.0 0.752861 0.42601600000000006 0.003848 0.109062
