7.0 0.398784 0.533593 0.006826 0.227656
4.0 0.398369 0.6249415 0.010332 0.126797
6.0 0.462324 0.4441795000000001 0.003945 0.11625
4.0 0.814312 0.5478325000000002 0.009561 0.208516
0.0 0.015703 0.6925000000000001 0.031406 0.41
0.0 0.038081 0.35271550000000007 0.014658 0.083359
6.0 0.204497 0.6783205000000001 0.008604 0.374219
0.0 0.035054 0.5464255000000001 0.026885 0.266328
0.0 0.50875 0.7396090000000001 0.03248 0.347187
0.0 0.52126 0.41904250000000004 0.010117 0.082578
0.0 0.507871 0.4397260000000001 0.013301 0.099844
6.0 0.966733 0.31580050000000004 0.003584 0.117891
4.0 0.892603 0.45197200000000004 0.018232 0.169766
4.0 0.881548 0.4762885 0.014717 0.153906
4.0 0.856333 0.5038870000000001 0.01165 0.159297
