0.0 0.983589 0.212851 0.005498 0.048281
0.0 0.989248 0.24560500000000005 0.006855 0.063984
6.0 0.958188 0.2638285 0.002588 0.115
6.0 0.961025 0.2661130000000001 0.002578 0.114609
0.0 0.505659 0.3712885000000001 0.005498 0.064063
7.0 0.393965 0.3238285000000001 0.004551 0.05875
7.0 0.300146 0.295762 0.00748 0.112734
6.0 0.529468 0.38283250000000013 0.003525 0.081641
6.0 0.311206 0.6634375000000001 0.010928 0.395156
6.0 0.798125 0.7420705000000001 0.012969 0.324219
6.0 0.690425 0.6712885000000001 0.011436 0.433125
6.0 0.751685 0.7131835000000001 0.012334 0.382422
6.0 0.802754 0.664726 0.009902 0.440781
0.0 0.380835 0.35664100000000004 0.014814 0.077188
6.0 0.386885 0.47347600000000006 0.005371 0.191719
7.0 0.446211 0.421855 0.008848 0.110078
6.0 0.315073 0.3036715 0.004131 0.097969
0.0 0.542417 0.6131050000000001 0.024678 0.235078
0.0 0.513486 0.7234375000000002 0.043145 0.36875
6.0 0.536743 0.37837900000000013 0.002939 0.103828
