0.0 0.033086 0.4375585000000001 0.019102 0.111016
0.0 0.041533 0.41511700000000007 0.019082 0.101875
6.0 0.190859 0.472246 0.005605 0.177578
6.0 0.222642 0.372403 0.006299 0.161016
6.0 0.228223 0.3543550000000001 0.005078 0.146328
6.0 0.294102 0.45595750000000007 0.004785 0.103828
6.0 0.301753 0.4541995 0.004346 0.091953
6.0 0.854707 0.4530865000000001 0.007344 0.271406
6.0 0.84665 0.4532035 0.008574 0.272812
6.0 0.839033 0.4697845 0.006934 0.268047
6.0 0.94021 0.6197845000000002 0.011787 0.486797
5.0 0.805879 0.6587500000000001 0.007773 0.285
5.0 0.934028 0.7340425 0.006943 0.287422
5.0 0.929155 0.7448245000000001 0.005146 0.297109
5.0 0.923472 0.742012 0.007725 0.298984
5.0 0.907466 0.7306450000000001 0.010439 0.331016
