0.0 0.491494 0.7873045000000002 0.033516 0.27
0.0 0.494976 0.5583205000000001 0.025244 0.187656
0.0 0.545776 0.43744150000000004 0.024092 0.174297
0.0 0.577305 0.47875 0.020547 0.092812
0.0 0.604077 0.4710745000000001 0.018115 0.094297
0.0 0.629546 0.46697200000000005 0.015713 0.084453
0.0 0.038867 0.3704695 0.00916 0.065156
0.0 0.057769 0.33900400000000014 0.009014 0.086016
0.0 0.13061 0.40556650000000005 0.024775 0.129297
7.0 0.030688 0.4036330000000001 0.005303 0.094062
6.0 0.088462 0.38722600000000007 0.005654 0.148281
7.0 0.345835 0.2895505000000001 0.006729 0.117734
7.0 0.491064 0.45003850000000006 0.00707 0.15125
6.0 0.474272 0.4393165 0.004971 0.101328
6.0 0.478169 0.431758 0.004111 0.09625
