0.0 0.988413 0.3278710000000001 0.016865 0.184766
6.0 0.484429 0.680722 0.018584 0.425703
7.0 0.615186 0.2593165 0.006504 0.138359
6.0 0.591909 0.41300800000000004 0.008701 0.258438
0.0 0.0054 0.41845750000000004 0.010801 0.150859
0.0 0.441689 0.627754 0.034258 0.289297
0.0 0.790996 0.7321675000000001 0.145332 0.357109
6.0 0.91646 0.37960900000000003 0.011768 0.387656
0.0 0.912822 0.695137 0.082246 0.404297
7.0 0.954336 0.5146675 0.012246 0.347891
0.0 0.989731 0.43943350000000003 0.020537 0.316328
0.0 0.458853 0.3961915000000001 0.015068 0.183672
0.0 0.470298 0.4196875000000001 0.013232 0.079375
0.0 0.472495 0.42759700000000006 0.012021 0.076953
