7.0 0.518599 0.42554650000000005 0.002705 0.129844
0.0 0.465078 0.6977740000000001 0.030195 0.357969
0.0 0.482451 0.5537500000000001 0.016797 0.170156
6.0 0.357354 0.6182035000000001 0.009492 0.381094
6.0 0.370708 0.5872075000000001 0.008721 0.307266
0.0 0.018779 0.3765625 0.01166 0.099688
0.0 0.027344 0.41165950000000007 0.017051 0.154141
0.0 0.043765 0.591484 0.026338 0.24
0.0 0.110151 0.6271090000000001 0.102725 0.497188
6.0 0.061855 0.4257220000000001 0.005078 0.193828
6.0 0.067446 0.4155865000000001 0.008096 0.188594
0.0 0.385498 0.660157 0.120801 0.453125
6.0 0.257896 0.6906835 0.009521 0.398984
6.0 0.262725 0.6963670000000001 0.01127 0.393594
