6.0 0.963198 0.25750000000000006 0.002588 0.09375
7.0 0.505156 0.36988300000000013 0.004551 0.05875
7.0 0.532983 0.38863300000000006 0.004873 0.068437
6.0 0.152368 0.5540425 0.007959 0.339141
6.0 0.59999 0.7216210000000001 0.010098 0.350703
6.0 0.581909 0.5901370000000001 0.008096 0.313672
6.0 0.603828 0.614278 0.008203 0.334297
6.0 0.610566 0.654238 0.008086 0.397266
0.0 0.40041 0.39203200000000005 0.015586 0.09375
0.0 0.068506 0.7137115 0.061895 0.370469
6.0 0.314482 0.38664100000000007 0.005371 0.18625
7.0 0.402271 0.40252000000000004 0.008857 0.110078
0.0 0.47395 0.41851600000000005 0.0171 0.131875
6.0 0.364814 0.3356635 0.004141 0.097969
0.0 0.450479 0.7291795000000001 0.042422 0.336875
0.0 0.979946 0.3857035000000001 0.0171 0.189531
0.0 0.513486 0.7234375000000002 0.043145 0.36875
6.0 0.531733 0.3887500000000001 0.002939 0.10375
