0.0 0.987114 0.293653 0.010088 0.099609
0.0 0.47312 0.5043550000000001 0.016846 0.149141
0.0 0.489131 0.380605 0.005723 0.051641
2.0 0.015107 0.18554650000000006 0.006777 0.0975
2.0 0.025234 0.22638700000000006 0.012695 0.151641
0.0 0.016069 0.3111715 0.007725 0.076563
0.0 0.008975 0.25638700000000003 0.005996 0.036953
0.0 0.008564 0.6071290000000001 0.017129 0.283203
0.0 0.994561 0.561484 0.010879 0.290781
0.0 0.034263 0.487129 0.020615 0.156641
0.0 0.612183 0.7366210000000001 0.101943 0.347891
0.0 0.50481 0.7508005 0.039795 0.332266
0.0 0.505825 0.4471675000000001 0.018643 0.104766
0.0 0.113989 0.812149 0.076006 0.250469
7.0 0.579824 0.3008005 0.00416 0.097578
0.0 0.971494 0.43750000000000006 0.02252 0.2825
0.0 0.515518 0.323125 0.006172 0.067969
0.0 0.523569 0.39460900000000004 0.011162 0.171562
0.0 0.417964 0.7921675000000001 0.058271 0.275234
