6.0 0.960474 0.28439500000000006 0.004443 0.136953
6.0 0.949019 0.378907 0.007256 0.228281
0.0 0.425669 0.7728909999999999 0.035986 0.259062
0.0 0.473003 0.6690040000000002 0.023447 0.289766
0.0 0.491782 0.4335745000000001 0.012549 0.171016
0.0 0.012559 0.6105865000000001 0.024824 0.361406
6.0 0.107002 0.4530865000000001 0.005273 0.186875
7.0 0.13623 0.5209960000000001 0.008496 0.252734
4.0 0.136245 0.635254 0.012646 0.162422
0.0 0.135728 0.31252000000000013 0.013408 0.068359
0.0 0.014077 0.27044950000000006 0.007041 0.068984
0.0 0.100337 0.33074200000000004 0.012959 0.074844
0.0 0.03835 0.39601600000000003 0.014082 0.119531
2.0 0.557476 0.4628125 0.06874 0.714375
0.0 0.508008 0.5611330000000001 0.016289 0.191562
