6.0 0.069048 0.3149800000000001 0.004053 0.095078
0.0 0.493745 0.7870705000000001 0.03292 0.271719
0.0 0.503027 0.6680665000000001 0.028711 0.190234
0.0 0.536875 0.4628125 0.028477 0.197031
0.0 0.57998 0.502657 0.018945 0.1225
0.0 0.616206 0.487129 0.020264 0.110234
0.0 0.640688 0.4805080000000001 0.016475 0.106094
0.0 0.107534 0.4101955000000001 0.020146 0.124531
0.0 0.061392 0.33625000000000005 0.009014 0.085938
0.0 0.126968 0.38886700000000013 0.0221 0.133594
7.0 0.006431 0.4556635000000001 0.007959 0.231094
6.0 0.059468 0.3283990000000001 0.005264 0.120781
7.0 0.274336 0.3193750000000001 0.005 0.068437
7.0 0.396973 0.299746 0.006367 0.102734
6.0 0.505928 0.4650385000000001 0.00498 0.109688
6.0 0.512876 0.4600000000000001 0.005166 0.107969
