0.0 0.961992 0.3632620000000001 0.013047 0.141328
0.0 0.78522 0.7899999999999999 0.093486 0.28
0.0 0.617319 0.6455665000000002 0.107295 0.472578
0.0 0.523486 0.43744150000000004 0.013379 0.136016
0.0 0.53748 0.3947845000000001 0.009688 0.122578
0.0 0.02167 0.349024 0.010703 0.102344
0.0 0.047842 0.5683405000000001 0.027871 0.234297
0.0 0.353022 0.8981634999999999 0.078721 0.135781
0.0 0.012695 0.7203910000000001 0.025391 0.372812
0.0 0.991602 0.6988285000000001 0.016797 0.401563
0.0 0.005464 0.22451200000000002 0.003291 0.028828
0.0 0.50481 0.7508005 0.039795 0.332266
0.0 0.505825 0.4471675000000001 0.018643 0.104766
0.0 0.00938 0.24701200000000004 0.003662 0.038359
0.0 0.515039 0.32259700000000013 0.005938 0.079766
0.0 0.013369 0.28328200000000003 0.006426 0.060625
