6.0 0.449214 0.6897460000000001 0.017646 0.413672
7.0 0.602705 0.3020905 0.006504 0.138359
6.0 0.591104 0.4565425000000001 0.009121 0.284297
0.0 0.002686 0.4716595000000001 0.005371 0.211953
0.0 0.0054 0.4124215 0.010801 0.142813
0.0 0.447773 0.5844535000000001 0.024648 0.255938
0.0 0.816318 0.7144720000000001 0.140234 0.380703
6.0 0.903213 0.4454095 0.01334 0.469922
0.0 0.930518 0.6756835 0.064629 0.431484
7.0 0.962891 0.427891 0.009668 0.256562
0.0 0.990708 0.4316410000000001 0.018584 0.305937
0.0 0.458853 0.390391 0.015068 0.175312
0.0 0.471582 0.41066350000000007 0.013223 0.079375
0.0 0.472974 0.4183405 0.012021 0.076953
