6.0 0.442295 0.6930865 0.017305 0.409219
7.0 0.600117 0.3085930000000001 0.006914 0.146406
6.0 0.590933 0.46591750000000004 0.009209 0.289766
0.0 0.003184 0.46322200000000013 0.006367 0.211953
0.0 0.0054 0.4111330000000001 0.010801 0.141094
0.0 0.448525 0.5790625 0.023691 0.25125
0.0 0.822451 0.7113085000000001 0.140234 0.384922
6.0 0.899229 0.46087900000000004 0.013672 0.487578
0.0 0.93501 0.6697075 0.060391 0.439609
7.0 0.965586 0.41546950000000005 0.009395 0.242656
0.0 0.990918 0.43000000000000005 0.018164 0.30375
0.0 0.458853 0.38910100000000003 0.015068 0.173438
0.0 0.473486 0.40703200000000006 0.013223 0.079375
0.0 0.473071 0.41634700000000013 0.012021 0.076953
