0.0 0.978198 0.6739840000000001 0.036572 0.434688
0.0 0.703867 0.5278510000000001 0.013008 0.154531
6.0 0.834385 0.669238 0.016582 0.441016
6.0 0.816694 0.701524 0.01165 0.397969
6.0 0.75585 0.4261915000000001 0.004082 0.131016
6.0 0.135176 0.3345505 0.002754 0.066953
0.0 0.022158 0.6205465000000001 0.044316 0.466094
0.0 0.629482 0.7528510000000002 0.051777 0.329531
7.0 0.769854 0.6313285000000001 0.017422 0.491563
4.0 0.767314 0.9105279999999999 0.018516 0.119297
7.0 0.726138 0.6774415000000001 0.025615 0.430078
6.0 0.760605 0.44154250000000006 0.004102 0.128672
