0.0 0.628857 0.5787700000000001 0.032461 0.199297
7.0 0.356123 0.6491995 0.019395 0.467734
4.0 0.357373 0.8892580000000001 0.026855 0.147656
6.0 0.627993 0.6884575000000002 0.009736 0.406484
6.0 0.759097 0.4086715000000001 0.004092 0.115937
0.0 0.012349 0.6739840000000001 0.024697 0.434688
2.0 0.040039 0.316153 0.011523 0.104453
0.0 0.041465 0.5423245000000001 0.020996 0.194609
6.0 0.181021 0.354532 0.003076 0.078125
0.0 0.061304 0.7200385000000001 0.0379 0.369063
0.0 0.125757 0.639472 0.111201 0.480703
0.0 0.53728 0.742129 0.049229 0.338828
7.0 0.649834 0.6365425000000001 0.013926 0.484609
4.0 0.649756 0.8177739999999999 0.028418 0.242969
7.0 0.606084 0.660742 0.011641 0.427344
6.0 0.760679 0.4231450000000001 0.003721 0.109766
