0.0 0.455596 0.6386530000000001 0.03752 0.309297
0.0 0.488975 0.35869150000000005 0.011211 0.101016
0.0 0.506997 0.5191795 0.023428 0.206875
0.0 0.507153 0.7574215000000002 0.042646 0.31125
0.0 0.399277 0.4047460000000001 0.015645 0.095859
2.0 0.015229 0.19205050000000007 0.009834 0.109766
0.0 0.014492 0.2691595000000001 0.009883 0.108828
1.0 0.048145 0.22761700000000004 0.0625 0.788906
0.0 0.014844 0.6860545000000001 0.029687 0.414531
6.0 0.505762 0.3034375000000001 0.003242 0.086562
6.0 0.509229 0.3039655000000001 0.003398 0.083984
