7.0 0.236597 0.4759960000000001 0.003018 0.071328
0.0 0.352515 0.4152340000000001 0.016846 0.095625
0.0 0.445073 0.325645 0.02667 0.188984
0.0 0.407495 0.38687500000000014 0.017256 0.097812
0.0 0.463735 0.30138700000000007 0.014189 0.137734
0.0 0.417241 0.3648445000000001 0.01376 0.092656
0.0 0.487212 0.3080080000000001 0.0154 0.086875
6.0 0.323179 0.7594135000000002 0.007744 0.285781
0.0 0.501401 0.7954494999999999 0.058857 0.272734
0.0 0.480674 0.633262 0.025039 0.265234
0.0 0.016704 0.7007620000000001 0.033408 0.398984
6.0 0.217866 0.4759960000000001 0.002217 0.062266
0.0 0.988726 0.7003510000000001 0.022549 0.399531
