0.0 0.988799 0.32734300000000005 0.01666 0.182969
6.0 0.481597 0.680722 0.018584 0.425703
7.0 0.614287 0.262363 0.006504 0.138359
6.0 0.591851 0.41605450000000005 0.00874 0.260313
0.0 0.0054 0.41804650000000004 0.010801 0.150312
0.0 0.442754 0.6240040000000001 0.032324 0.278984
0.0 0.792744 0.7308205000000001 0.144863 0.358906
6.0 0.915728 0.384004 0.011885 0.393516
0.0 0.912671 0.697246 0.081924 0.401484
7.0 0.954902 0.508105 0.012051 0.341016
0.0 0.9898 0.438847 0.0204 0.315547
0.0 0.458853 0.3957805000000001 0.015068 0.183125
0.0 0.470347 0.41904250000000004 0.013232 0.079297
0.0 0.472534 0.426895 0.012021 0.076953
