6.0 0.972686 0.3156835 0.005273 0.133203
0.0 0.055327 0.485137 0.010439 0.145859
0.0 0.036108 0.5501755 0.023584 0.239297
0.0 0.446523 0.5843365 0.058867 0.554219
0.0 0.484526 0.488242 0.013154 0.142188
0.0 0.008569 0.5042380000000001 0.017139 0.260234
6.0 0.063643 0.37369150000000007 0.003691 0.111953
7.0 0.099224 0.4460545000000001 0.007607 0.169844
4.0 0.099683 0.5328910000000001 0.008486 0.114688
0.0 0.153838 0.280234 0.011211 0.040938
0.0 0.011943 0.2775385000000001 0.004043 0.044531
0.0 0.020933 0.2993950000000001 0.00501 0.048203
2.0 0.561396 0.439258 0.068789 0.740469
0.0 0.51085 0.5075200000000002 0.01291 0.171016
