6.0 0.411255 0.6505465000000001 0.008174 0.325
6.0 0.425747 0.5629495 0.007549 0.202266
7.0 0.186016 0.5433205000000001 0.008438 0.307813
5.0 0.727979 0.33865300000000004 0.009668 0.242734
5.0 0.722021 0.36273400000000006 0.010371 0.23375
0.0 0.717798 0.14646550000000003 0.01335 0.151484
4.0 0.66063 0.2805865000000001 0.010732 0.2425
5.0 0.70437 0.29687500000000006 0.008447 0.223437
6.0 0.689624 0.5357035000000001 0.025732 0.619063
7.0 0.17709 0.5427925000000001 0.008574 0.303672
6.0 0.514478 0.48988300000000007 0.00583 0.165156
6.0 0.524727 0.4530865000000001 0.006582 0.139219
4.0 0.180332 0.6541795000000001 0.023516 0.190156
