6.0 0.435376 0.6964840000000001 0.016963 0.404687
7.0 0.599219 0.3150385000000001 0.007305 0.154531
6.0 0.590762 0.475234 0.009297 0.295313
0.0 0.003677 0.4546675000000001 0.007354 0.211953
0.0 0.0054 0.4098445 0.010801 0.139375
0.0 0.44874 0.5791210000000001 0.023809 0.253984
0.0 0.828584 0.7082035000000001 0.140234 0.389062
6.0 0.894092 0.4646290000000001 0.013887 0.497891
0.0 0.939512 0.6637885 0.056152 0.447812
7.0 0.968286 0.40310500000000005 0.009131 0.228672
0.0 0.991616 0.4216210000000001 0.016768 0.292578
0.0 0.458853 0.3878125000000001 0.015068 0.171719
0.0 0.475391 0.403399 0.013223 0.079375
0.0 0.473179 0.414355 0.012021 0.076953
