6.0 0.19626 0.5641795000000001 0.012363 0.465469
6.0 0.262637 0.6658405000000001 0.009492 0.422109
6.0 0.279175 0.6416410000000001 0.014072 0.477812
6.0 0.304189 0.6681250000000002 0.01002 0.399219
6.0 0.594126 0.6274615000000001 0.018643 0.496719
6.0 0.578159 0.4861915 0.010732 0.264297
6.0 0.290322 0.6541795000000001 0.009551 0.461094
6.0 0.317368 0.6508405 0.008271 0.359141
6.0 0.317578 0.6775585000000002 0.010371 0.429922
6.0 0.331401 0.6629095 0.008994 0.386484
6.0 0.345791 0.6584575000000001 0.01084 0.420703
6.0 0.351963 0.6584575000000001 0.011387 0.389297
6.0 0.361392 0.6593950000000001 0.009971 0.289766
6.0 0.37667 0.6567580000000001 0.013066 0.283906
6.0 0.389287 0.5987500000000001 0.007422 0.357344
6.0 0.400405 0.5895505000000001 0.008701 0.329453
6.0 0.40978 0.5292580000000001 0.007002 0.248437
6.0 0.424165 0.5395705000000001 0.006943 0.235781
6.0 0.419263 0.5301955 0.008486 0.196719
6.0 0.54564 0.522109 0.00915 0.364219
6.0 0.552627 0.5028910000000001 0.008535 0.326875
6.0 0.919458 0.5708005000000002 0.013057 0.417891
