0.0 0.020591 0.67123 0.038447 0.438359
2.0 0.067998 0.37011700000000003 0.021348 0.254531
0.0 0.077876 0.729238 0.042666 0.361016
0.0 0.162739 0.8017779999999999 0.110264 0.264297
6.0 0.208926 0.3833590000000001 0.003672 0.102812
0.0 0.391689 0.8072845000000002 0.076875 0.256953
0.0 0.450874 0.674278 0.044795 0.434297
0.0 0.501938 0.7425970000000001 0.036592 0.343203
7.0 0.555752 0.526738 0.006426 0.249297
4.0 0.55625 0.5943550000000002 0.013984 0.128672
7.0 0.543213 0.4706635000000001 0.005723 0.159844
6.0 0.687129 0.44248000000000004 0.003125 0.086484
