6.0 0.404717 0.7062115000000001 0.01498 0.366875
7.0 0.5979 0.3862300000000001 0.00959 0.199141
6.0 0.58021 0.5538670000000001 0.012471 0.345
0.0 0.005352 0.41107450000000006 0.010703 0.211953
0.0 0.007192 0.37703200000000003 0.011377 0.132969
0.0 0.449355 0.5732035000000001 0.025703 0.260625
0.0 0.867993 0.6838870000000001 0.130986 0.421484
6.0 0.860649 0.4859575000000001 0.015088 0.556484
0.0 0.966289 0.495742 0.031777 0.297031
7.0 0.98356 0.3329095000000001 0.007627 0.149766
0.0 0.995557 0.3743365000000001 0.008887 0.229531
0.0 0.458853 0.3807805000000001 0.015068 0.161563
0.0 0.488984 0.3955465 0.013223 0.079375
0.0 0.47375 0.40310500000000005 0.012031 0.076953
