0.0 0.481055 0.4416010000000001 0.012109 0.107031
2.0 0.016812 0.190351 0.007158 0.105313
2.0 0.028623 0.23974600000000001 0.014902 0.170703
0.0 0.018433 0.3373630000000001 0.009053 0.088672
0.0 0.010317 0.2717965 0.006846 0.045
0.0 0.007764 0.5640040000000001 0.015527 0.237578
0.0 0.995244 0.5297845000000001 0.009512 0.265234
0.0 0.047661 0.5912500000000002 0.025967 0.22
0.0 0.821709 0.7476370000000001 0.121523 0.336484
0.0 0.50481 0.7508005 0.039795 0.332266
0.0 0.505825 0.4471675000000001 0.018643 0.104766
0.0 0.29667 0.897871 0.086055 0.136172
7.0 0.575796 0.34779250000000006 0.004346 0.114141
0.0 0.977129 0.4006450000000001 0.018398 0.213516
0.0 0.516318 0.34480450000000007 0.007246 0.080781
0.0 0.527153 0.422968 0.013467 0.214688
0.0 0.453291 0.6760930000000002 0.033965 0.308906
