7.0 0.076787 0.39361300000000005 0.006523 0.195234
1.0 0.609346 0.358105 0.021875 0.136484
0.0 0.534336 0.358516 0.010801 0.0675
0.0 0.986914 0.3567580000000001 0.023066 0.186719
0.0 0.123999 0.7036330000000001 0.080518 0.395156
0.0 0.388203 0.6827740000000001 0.04709 0.402031
0.0 0.408203 0.5432035000000001 0.021816 0.1625
0.0 0.419775 0.4400200000000001 0.015449 0.142109
6.0 0.79145 0.689218 0.021533 0.414375
6.0 0.626504 0.43843750000000004 0.006934 0.232031
0.0 0.002544 0.3957220000000001 0.005088 0.153672
0.0 0.033081 0.41980450000000014 0.015889 0.119062
0.0 0.92585 0.7158205000000001 0.072305 0.378906
6.0 0.957178 0.34468750000000004 0.006699 0.174844
0.0 0.959058 0.7053910000000001 0.033154 0.392813
7.0 0.968525 0.4941010000000001 0.008984 0.244375
0.0 0.989482 0.4493365 0.021035 0.224688
0.0 0.442139 0.39665950000000005 0.016426 0.291016
0.0 0.456099 0.394492 0.013232 0.079375
0.0 0.454556 0.3809575 0.012021 0.076953
