0.0 0.045264 0.7047460000000001 0.043105 0.393672
0.0 0.110635 0.5135545000000001 0.023242 0.157031
0.0 0.148159 0.406972 0.020576 0.140078
6.0 0.381826 0.4740625000000001 0.003379 0.140312
0.0 0.393071 0.7615824999999999 0.04915 0.317891
0.0 0.455361 0.6894535000000002 0.024121 0.284844
0.0 0.457793 0.46234450000000005 0.009824 0.079375
0.0 0.44439 0.420859 0.009443 0.0675
2.0 0.985825 0.3000970000000001 0.011865 0.172578
0.0 0.96647 0.3742780000000001 0.011904 0.117422
6.0 0.855459 0.3846490000000001 0.007148 0.1475
6.0 0.849063 0.3846490000000001 0.006816 0.161562
6.0 0.837974 0.45138700000000004 0.007295 0.268828
4.0 0.58126 0.5287885000000001 0.015137 0.17125
4.0 0.568071 0.554512 0.017393 0.148672
4.0 0.551973 0.5351755 0.013594 0.124141
