7.0 0.465469 0.39660100000000004 0.004102 0.0925
4.0 0.465479 0.43843750000000004 0.004004 0.060312
4.0 0.683252 0.5567380000000001 0.012422 0.185078
0.0 0.019194 0.6857035 0.037002 0.419063
0.0 0.068193 0.48373 0.024297 0.152578
0.0 0.111377 0.4329295 0.022754 0.140469
6.0 0.374102 0.5947075000000002 0.00625 0.290703
0.0 0.102744 0.7730665000000001 0.079512 0.300078
0.0 0.510093 0.6604495000000001 0.025557 0.294766
0.0 0.52459 0.42080050000000013 0.010117 0.082578
0.0 0.509458 0.4073245 0.010225 0.073984
6.0 0.957793 0.361504 0.004687 0.168203
4.0 0.805068 0.5651170000000001 0.015957 0.221562
4.0 0.779961 0.5856250000000001 0.012676 0.194375
4.0 0.735894 0.5740240000000001 0.0146 0.18
