7.0 0.520991 0.4319335 0.003838 0.149609
6.0 0.516597 0.4247845000000001 0.00335 0.110234
0.0 0.452305 0.7292965000000001 0.038945 0.360938
0.0 0.477998 0.5828125000000002 0.020664 0.214062
0.0 0.483262 0.4644535000000001 0.015176 0.2125
6.0 0.315962 0.6415240000000001 0.011553 0.4325
6.0 0.337886 0.6309175 0.011279 0.342266
0.0 0.016787 0.37638700000000014 0.010566 0.090859
0.0 0.024766 0.39636700000000014 0.011895 0.13375
0.0 0.034741 0.5230465000000002 0.019111 0.172813
0.0 0.071968 0.6296875000000002 0.058896 0.49375
0.0 0.287163 0.6560545000000001 0.192861 0.458594
6.0 0.195474 0.6381250000000002 0.012178 0.4825
6.0 0.198359 0.6523045000000001 0.014805 0.463594
