6.0 0.941494 0.32775400000000005 0.006191 0.193359
6.0 0.878599 0.605371 0.010459 0.445391
0.0 0.019526 0.6957220000000001 0.038486 0.405703
6.0 0.182524 0.5873245000000001 0.007041 0.265547
7.0 0.149565 0.579472 0.007646 0.280703
0.0 0.192622 0.3125785 0.012139 0.068438
4.0 0.149541 0.692149 0.016152 0.18125
0.0 0.074746 0.3690625 0.012422 0.066094
0.0 0.09333 0.3598630000000001 0.014414 0.072109
0.0 0.020767 0.3673045000000001 0.011201 0.101406
0.0 0.066484 0.378496 0.009688 0.065703
0.0 0.364429 0.8371675000000002 0.069326 0.215703
2.0 0.64835 0.25000000000000006 0.232207 1.0
0.0 0.505669 0.6305080000000001 0.0221 0.230938
