7.0 0.528203 0.4533205 0.005469 0.218437
6.0 0.519717 0.430762 0.004297 0.129453
0.0 0.359492 0.8734960000000002 0.090332 0.168672
0.0 0.46207 0.7392580000000001 0.034648 0.341406
0.0 0.479009 0.4931635 0.018154 0.310156
6.0 0.203315 0.6404095000000001 0.013623 0.467422
6.0 0.239878 0.6698245 0.021807 0.440234
0.0 0.018193 0.36917950000000005 0.010566 0.090781
0.0 0.022388 0.37292950000000014 0.007139 0.1025
0.0 0.026826 0.43990300000000004 0.012305 0.114766
0.0 0.041084 0.47242150000000005 0.029512 0.307656
0.0 0.089341 0.6181450000000002 0.085029 0.509141
6.0 0.116704 0.544492 0.009365 0.338594
6.0 0.119219 0.5409760000000001 0.008926 0.329688
