6.0 0.942642 0.32277400000000006 0.006045 0.189219
6.0 0.886562 0.579883 0.010156 0.425625
0.0 0.479917 0.477226 0.009443 0.105
0.0 0.492808 0.4530280000000001 0.009854 0.090703
0.0 0.019316 0.6927340000000001 0.037988 0.409687
6.0 0.176973 0.5793550000000002 0.006973 0.260703
7.0 0.150542 0.5733205000000001 0.008408 0.275156
0.0 0.195796 0.3098830000000001 0.012002 0.067031
4.0 0.150718 0.6857620000000001 0.016787 0.180859
0.0 0.074746 0.3690625 0.012422 0.066094
0.0 0.096587 0.35271550000000007 0.014189 0.071172
0.0 0.019468 0.34814500000000004 0.011201 0.101328
0.0 0.068916 0.37222600000000006 0.009238 0.060781
0.0 0.323877 0.8676955000000001 0.075684 0.173594
2.0 0.625723 0.23851600000000003 0.191328 0.984688
0.0 0.505771 0.6187300000000001 0.020176 0.218984
