6.0 0.279839 0.6025 0.009912 0.435156
6.0 0.335347 0.6740425000000001 0.007666 0.379141
6.0 0.356025 0.6930865 0.010918 0.409219
6.0 0.366567 0.6828325000000001 0.008506 0.327891
6.0 0.574536 0.5718550000000001 0.013115 0.411953
6.0 0.575352 0.46240300000000006 0.009531 0.241797
6.0 0.377637 0.6629095 0.00793 0.318203
6.0 0.383467 0.6915625000000002 0.010664 0.393594
6.0 0.397939 0.6552925 0.010273 0.347109
6.0 0.406313 0.620488 0.009092 0.249141
6.0 0.415347 0.606484 0.010908 0.216875
6.0 0.427085 0.5907220000000001 0.007451 0.275547
6.0 0.434141 0.5667580000000001 0.006563 0.251562
6.0 0.449087 0.55252 0.005029 0.203203
6.0 0.444849 0.5219335000000002 0.008135 0.160547
6.0 0.545332 0.4975000000000001 0.007344 0.259687
6.0 0.550825 0.4932805 0.007139 0.238906
6.0 0.870508 0.5952925000000001 0.020254 0.539609
