6.0 0.978296 0.28498000000000007 0.003857 0.103359
0.0 0.032324 0.347617 0.007031 0.069844
0.0 0.016846 0.344512 0.010215 0.112578
0.0 0.055518 0.5101570000000001 0.051074 0.653125
0.0 0.452056 0.710605 0.038486 0.385859
0.0 0.481582 0.5187115000000001 0.012227 0.135781
0.0 0.006885 0.4924615000000001 0.01377 0.236094
7.0 0.082808 0.4207420000000001 0.006162 0.169219
4.0 0.082744 0.493633 0.005859 0.101406
2.0 0.583198 0.3987700000000001 0.091611 0.796172
0.0 0.511973 0.5264455000000001 0.011191 0.151563
