0.0 0.480591 0.4272460000000001 0.007178 0.065547
0.0 0.466167 0.4406050000000001 0.009365 0.078828
0.0 0.452407 0.5158405000000001 0.018779 0.176797
0.0 0.027954 0.31175800000000004 0.005928 0.053125
0.0 0.034375 0.335722 0.006602 0.076016
0.0 0.051377 0.4077925000000001 0.01252 0.112109
2.0 0.183281 0.4894720000000001 0.151465 0.626484
2.0 0.370776 0.44394550000000005 0.124365 0.535156
0.0 0.43397 0.538633 0.018447 0.167969
0.0 0.317202 0.7899999999999999 0.067217 0.28
0.0 0.077427 0.47347600000000006 0.023018 0.203594
6.0 0.219346 0.5549215000000002 0.005645 0.256406
6.0 0.572163 0.4301170000000001 0.00499 0.151875
0.0 0.007075 0.489649 0.01415 0.187188
0.0 0.506689 0.5636530000000001 0.016348 0.153672
