7.0 0.002188 0.372109 0.004375 0.189375
6.0 0.070327 0.3439840000000001 0.004053 0.095156
0.0 0.493726 0.789355 0.033408 0.270234
0.0 0.503027 0.6680665000000001 0.028711 0.190234
0.0 0.544541 0.468145 0.027852 0.191641
0.0 0.584893 0.5000785 0.019121 0.119375
0.0 0.618008 0.48507850000000013 0.020098 0.109063
0.0 0.640645 0.48127000000000003 0.016309 0.103359
0.0 0.085962 0.4024615 0.020146 0.133125
0.0 0.061392 0.33625000000000005 0.009014 0.085938
0.0 0.126968 0.38886700000000013 0.0221 0.133594
7.0 0.011812 0.44892550000000003 0.008506 0.187266
6.0 0.062515 0.32951200000000014 0.005596 0.126328
7.0 0.281572 0.3170305000000001 0.005 0.068437
7.0 0.401094 0.31480450000000004 0.006504 0.107031
6.0 0.503213 0.46199200000000007 0.00498 0.109219
6.0 0.509634 0.4590625000000001 0.004814 0.105938
