0.0 0.989878 0.44500000000000006 0.016514 0.114062
6.0 0.153716 0.5372260000000001 0.005596 0.184219
6.0 0.182109 0.4060345 0.006543 0.165234
6.0 0.18814 0.38007850000000004 0.006533 0.171406
6.0 0.251729 0.513028 0.004785 0.103828
6.0 0.258687 0.5052925 0.004326 0.090859
6.0 0.784697 0.45449200000000006 0.008926 0.264844
6.0 0.778032 0.43205050000000006 0.006924 0.261953
6.0 0.77083 0.4318165 0.00748 0.240391
6.0 0.869019 0.6278125 0.015088 0.49
5.0 0.727168 0.670234 0.007773 0.285
5.0 0.954448 0.750391 0.013193 0.332812
5.0 0.738799 0.5609575 0.006582 0.198047
5.0 0.741416 0.5198830000000001 0.005254 0.165156
5.0 0.859805 0.7905280000000001 0.007109 0.279297
5.0 0.856431 0.7891795000000001 0.006514 0.279062
5.0 0.850049 0.7879495000000001 0.006602 0.282734
5.0 0.828037 0.7656250000000001 0.017207 0.3125
