0.0 0.477197 0.5710945000000001 0.009082 0.095313
0.0 0.170254 0.4800970000000001 0.01791 0.093984
0.0 0.185254 0.4550200000000001 0.018574 0.092266
6.0 0.27521 0.5100385000000002 0.006064 0.155312
6.0 0.346484 0.40585900000000014 0.007227 0.158125
6.0 0.350513 0.3947845000000001 0.006182 0.157891
6.0 0.44668 0.5343550000000001 0.004082 0.099609
6.0 0.459009 0.5055865 0.004307 0.106563
6.0 0.044878 0.43896550000000006 0.005693 0.165234
6.0 0.040171 0.4261915000000001 0.004307 0.165078
6.0 0.034941 0.44839900000000005 0.006211 0.15625
6.0 0.076699 0.4634575000000001 0.006875 0.206797
