6.0 0.965479 0.39302800000000004 0.008711 0.264609
6.0 0.517197 0.4353325 0.006348 0.174453
6.0 0.109888 0.5147845000000001 0.008389 0.277109
6.0 0.096602 0.5082805 0.008555 0.305625
6.0 0.114956 0.540625 0.009092 0.278594
6.0 0.129009 0.6289840000000001 0.010674 0.346875
6.0 0.162964 0.7166995 0.010967 0.330078
6.0 0.147822 0.6743365000000001 0.010566 0.398438
6.0 0.184482 0.7422460000000001 0.011387 0.320859
6.0 0.200205 0.7275385 0.011582 0.338594
6.0 0.953042 0.4871875 0.010146 0.549063
6.0 0.943784 0.5329495000000002 0.009014 0.605547
6.0 0.939966 0.535 0.012354 0.611406
6.0 0.906963 0.573613 0.017715 0.559922
6.0 0.922344 0.5660545 0.025293 0.572812
6.0 0.824443 0.6717580000000001 0.020898 0.43125
6.0 0.890967 0.5735545000000001 0.017539 0.562812
6.0 0.871528 0.5671675 0.020967 0.577109
6.0 0.788394 0.7034575000000002 0.032002 0.392578
6.0 0.841992 0.6154495000000001 0.025332 0.512734
6.0 0.688672 0.5358790000000001 0.028711 0.618828
6.0 0.73835 0.6709960000000001 0.021777 0.438672
6.0 0.696011 0.5537500000000001 0.016631 0.578437
6.0 0.65749 0.5463670000000002 0.036074 0.604844
6.0 0.639053 0.6134575000000001 0.016152 0.515391
6.0 0.610068 0.6280465000000001 0.014824 0.495938
6.0 0.592432 0.6833005000000001 0.021387 0.409766
6.0 0.57979 0.636484 0.013564 0.351719
6.0 0.571504 0.5453125000000001 0.007676 0.393437
6.0 0.563696 0.5655865000000001 0.006514 0.322344
6.0 0.555869 0.5197075000000001 0.005781 0.330859
6.0 0.552515 0.5201755 0.005283 0.326484
6.0 0.54646 0.4810345000000001 0.007705 0.337734
6.0 0.537593 0.4909375000000001 0.006338 0.29125
6.0 0.534722 0.49873 0.007959 0.296328
6.0 0.225215 0.6615040000000001 0.012402 0.451328
6.0 0.304536 0.661738 0.010713 0.430859
6.0 0.231377 0.717109 0.01082 0.365469
6.0 0.242295 0.6795505000000002 0.011172 0.419766
6.0 0.240874 0.6878125 0.007334 0.414688
6.0 0.268027 0.6564070000000001 0.009727 0.44875
6.0 0.244404 0.7288285000000001 0.010781 0.359844
6.0 0.277578 0.6848245000000001 0.011836 0.409922
6.0 0.971909 0.3214255000000001 0.003896 0.123516
