0.0 0.020859 0.6722845000000001 0.03752 0.436953
2.0 0.069102 0.375391 0.02209 0.264375
0.0 0.079492 0.7312885000000001 0.044824 0.358281
0.0 0.170796 0.8088085 0.111182 0.254922
6.0 0.208999 0.385 0.00374 0.106563
0.0 0.397007 0.802012 0.074092 0.263984
0.0 0.451836 0.6738670000000001 0.04334 0.434844
0.0 0.501147 0.7421875000000001 0.037646 0.34375
7.0 0.554351 0.524746 0.006357 0.245703
4.0 0.555459 0.5927740000000001 0.013906 0.125312
7.0 0.542583 0.4731835 0.005615 0.165703
6.0 0.685664 0.4486330000000001 0.003164 0.085156
