6.0 0.413579 0.7035745 0.015557 0.378203
7.0 0.597407 0.3555865 0.008916 0.186875
6.0 0.585283 0.5253910000000002 0.010996 0.326563
0.0 0.004883 0.423847 0.009766 0.211953
0.0 0.005703 0.4004095 0.010898 0.133047
0.0 0.449619 0.5796490000000001 0.024258 0.264844
0.0 0.854854 0.6932035000000001 0.136777 0.409062
6.0 0.872837 0.479746 0.014736 0.539297
0.0 0.958076 0.5507035000000001 0.039043 0.353437
7.0 0.979067 0.35359450000000003 0.008076 0.172969
0.0 0.994399 0.38822200000000007 0.011201 0.248047
0.0 0.458853 0.382891 0.015068 0.164531
0.0 0.483477 0.391093 0.013223 0.079375
0.0 0.473579 0.40650400000000003 0.012021 0.076953
