0.0 0.991509 0.323125 0.015264 0.170625
6.0 0.463052 0.6830080000000002 0.01835 0.422656
7.0 0.608057 0.2838085 0.006504 0.138359
6.0 0.59145 0.4379095 0.008936 0.273203
0.0 0.002026 0.4830280000000001 0.004053 0.211953
0.0 0.0054 0.41500000000000004 0.010801 0.14625
0.0 0.445742 0.6007420000000001 0.027617 0.2725
0.0 0.804956 0.7215625 0.141631 0.37125
6.0 0.910591 0.41511700000000007 0.012666 0.434687
0.0 0.921519 0.6875785 0.073115 0.415
7.0 0.958843 0.4622845 0.010635 0.293203
0.0 0.990288 0.43498000000000003 0.019424 0.310391
0.0 0.458853 0.3928510000000001 0.015068 0.178906
0.0 0.470698 0.4148245 0.013232 0.079297
0.0 0.472769 0.4223245 0.012021 0.076953
