6.0 0.449595 0.5061715 0.007705 0.204219
7.0 0.292822 0.6108205 0.006543 0.317344
5.0 0.634243 0.34984300000000007 0.008701 0.173594
5.0 0.627065 0.35769550000000006 0.005752 0.177187
0.0 0.662334 0.186778 0.011152 0.132891
4.0 0.604521 0.34128850000000005 0.014316 0.185156
4.0 0.592393 0.30390550000000005 0.010332 0.15625
5.0 0.623584 0.3150970000000001 0.005879 0.175391
0.0 0.012134 0.3578125000000001 0.007861 0.06875
6.0 0.545493 0.6469720000000001 0.013643 0.467422
7.0 0.287241 0.618379 0.004229 0.329766
6.0 0.508716 0.4098445 0.004795 0.108594
6.0 0.516299 0.39812500000000006 0.005566 0.114375
4.0 0.28647 0.7116595 0.022549 0.198359
