0.0 0.493037 0.801367 0.036074 0.261406
0.0 0.497231 0.5836330000000001 0.026846 0.188281
0.0 0.549927 0.4383205 0.024404 0.174375
0.0 0.582202 0.48941350000000006 0.020381 0.095937
0.0 0.61063 0.47347600000000006 0.018115 0.094219
0.0 0.633452 0.472774 0.015713 0.09
0.0 0.040474 0.3738670000000001 0.00917 0.065156
0.0 0.059014 0.337597 0.009023 0.086016
0.0 0.129644 0.4038085000000001 0.02333 0.129766
7.0 0.031006 0.40316350000000006 0.006016 0.101406
6.0 0.084927 0.3794335 0.005654 0.139922
7.0 0.335298 0.2899030000000001 0.006221 0.117734
7.0 0.479229 0.45853450000000007 0.00707 0.165391
6.0 0.479702 0.435859 0.004971 0.101406
6.0 0.482734 0.4386715000000001 0.004102 0.097812
