0.0 0.981426 0.34369150000000004 0.014512 0.156172
0.0 0.97269 0.294238 0.010303 0.087266
0.0 0.445986 0.7093165000000001 0.035137 0.291797
0.0 0.483345 0.445879 0.01001 0.091797
2.0 0.012012 0.18285100000000007 0.006328 0.082656
2.0 0.0179 0.1975585 0.00791 0.110391
0.0 0.011143 0.2575585000000001 0.00502 0.051641
0.0 0.006733 0.23558650000000006 0.00501 0.031719
0.0 0.010298 0.7005865 0.020596 0.382031
0.0 0.993081 0.6302155 0.013838 0.346172
0.0 0.02188 0.371524 0.012881 0.093594
0.0 0.533794 0.5426755000000001 0.022646 0.261328
0.0 0.50481 0.7508005 0.039795 0.332266
0.0 0.505825 0.4471675000000001 0.018643 0.104766
0.0 0.038242 0.5050000000000001 0.02541 0.220938
7.0 0.596367 0.21027400000000002 0.001992 0.077969
0.0 0.915513 0.6163285000000001 0.077197 0.506875
0.0 0.517104 0.34667950000000003 0.008115 0.100156
0.0 0.114458 0.815254 0.081846 0.246328
