0.0 0.078237 0.3738670000000001 0.011943 0.073906
7.0 0.161763 0.5398045000000001 0.006982 0.221406
4.0 0.161201 0.6344920000000001 0.007871 0.143906
6.0 0.433789 0.5109175000000001 0.004238 0.144297
6.0 0.470938 0.42490300000000003 0.003457 0.093984
6.0 0.461191 0.4551370000000001 0.003672 0.098828
6.0 0.460967 0.4723045 0.003867 0.115
6.0 0.546953 0.4333405 0.004395 0.144453
6.0 0.5421 0.445762 0.00416 0.148359
6.0 0.535942 0.42396550000000005 0.003877 0.124141
0.0 0.917173 0.7729495000000001 0.077314 0.302734
4.0 0.873833 0.45847600000000005 0.012998 0.148281
0.0 0.019297 0.7126555 0.038594 0.383125
0.0 0.00438 0.365899 0.008662 0.107187
6.0 0.103062 0.5086915000000001 0.005264 0.214609
0.0 0.019897 0.38658250000000005 0.012998 0.115391
0.0 0.509136 0.7708405 0.043721 0.305547
0.0 0.520986 0.43919950000000013 0.010117 0.082578
0.0 0.505425 0.5014255000000001 0.016514 0.126797
4.0 0.92082 0.3953125000000001 0.011113 0.112812
4.0 0.914971 0.40410100000000004 0.010547 0.110781
4.0 0.900264 0.4097260000000001 0.012383 0.133125
