0.0 0.168364 0.4522075 0.01792 0.089922
0.0 0.183501 0.4373245 0.019521 0.098672
6.0 0.287739 0.49111300000000013 0.005596 0.151641
6.0 0.34626 0.4166995000000001 0.007227 0.158047
6.0 0.354517 0.3977155000000001 0.006182 0.149297
6.0 0.439111 0.5311915 0.004082 0.099609
6.0 0.45063 0.5078125000000001 0.004307 0.106562
6.0 0.036816 0.4430665000000001 0.005762 0.187109
6.0 0.031094 0.4315240000000001 0.00625 0.204844
6.0 0.025337 0.45250000000000007 0.006865 0.163281
6.0 0.076177 0.4725385000000001 0.007041 0.235781
