0.0 0.008442 0.3309175000000001 0.005576 0.057891
0.0 0.018193 0.3205465000000001 0.014902 0.216719
0.0 0.074673 0.7331635000000001 0.060283 0.355781
0.0 0.447515 0.7621089999999999 0.036768 0.317187
0.0 0.474297 0.5231635 0.015293 0.181875
0.0 0.495142 0.45794950000000006 0.009365 0.083359
0.0 0.483662 0.467266 0.00916 0.098594
0.0 0.0052 0.480742 0.0104 0.211875
7.0 0.066216 0.4049215 0.005166 0.12875
4.0 0.067681 0.48531250000000004 0.005479 0.070625
2.0 0.679468 0.243145 0.179541 0.990859
0.0 0.510908 0.488653 0.009785 0.128984
