0.0 0.449941 0.6818365000000001 0.042891 0.355469
0.0 0.48751 0.3687700000000001 0.011895 0.103516
0.0 0.506978 0.5181835 0.02333 0.205547
0.0 0.50709 0.7574215000000002 0.042637 0.31125
0.0 0.399238 0.40550800000000004 0.015742 0.096406
2.0 0.014687 0.193516 0.009824 0.109844
0.0 0.014492 0.2691595000000001 0.009883 0.108828
1.0 0.042876 0.21642550000000005 0.052178 0.683359
0.0 0.01481 0.6858790000000001 0.029619 0.414609
6.0 0.505439 0.3027925 0.003242 0.086641
6.0 0.508589 0.3032035 0.003271 0.083281
