0.0 0.527114 0.23617150000000006 0.010166 0.075781
6.0 0.265166 0.7963284999999999 0.009004 0.180937
0.0 0.501401 0.7954494999999999 0.058857 0.272734
0.0 0.480674 0.633262 0.025039 0.265234
0.0 0.396909 0.3897460000000001 0.017334 0.099297
0.0 0.460957 0.33525400000000005 0.014277 0.092578
0.0 0.016235 0.7007620000000001 0.032471 0.398984
6.0 0.229346 0.48238300000000006 0.002383 0.076562
6.0 0.237954 0.484141 0.001963 0.069531
0.0 0.500977 0.26933650000000003 0.015059 0.10125
6.0 0.115728 0.3303910000000001 0.002354 0.064844
0.0 0.988726 0.7003510000000001 0.022549 0.399531
