0.0 0.963921 0.35459050000000003 0.012529 0.133203
0.0 0.816978 0.7735344999999999 0.083369 0.301953
0.0 0.642363 0.6501955 0.129355 0.466406
0.0 0.52561 0.45853450000000007 0.015498 0.157578
0.0 0.539077 0.4047460000000001 0.009678 0.132734
0.0 0.022432 0.35459050000000003 0.010996 0.104297
0.0 0.050889 0.589492 0.029824 0.245469
0.0 0.373594 0.875782 0.072344 0.165625
0.0 0.012695 0.7203910000000001 0.025391 0.372812
0.0 0.991602 0.6988285000000001 0.016797 0.401563
0.0 0.005708 0.226153 0.003369 0.029609
0.0 0.50481 0.7508005 0.039795 0.332266
0.0 0.505825 0.4471675000000001 0.018643 0.104766
0.0 0.009644 0.24912100000000006 0.003857 0.040234
0.0 0.515098 0.3249415000000001 0.005938 0.079766
0.0 0.01376 0.28632850000000004 0.006582 0.061563
