6.0 0.420508 0.6268165 0.008145 0.285078
6.0 0.43105 0.5445505 0.007119 0.191641
7.0 0.201172 0.5611915000000001 0.009375 0.303828
5.0 0.707021 0.3514255000000001 0.008809 0.225703
5.0 0.70126 0.3688285000000001 0.010371 0.23375
0.0 0.709316 0.15074200000000001 0.013828 0.153906
4.0 0.669736 0.38558650000000005 0.01291 0.234844
5.0 0.686787 0.29933650000000006 0.011855 0.220625
6.0 0.646357 0.5804695000000001 0.023496 0.559375
7.0 0.192876 0.5647660000000001 0.008779 0.313125
6.0 0.513267 0.47441350000000004 0.005635 0.153906
6.0 0.522705 0.4216795000000001 0.005176 0.128906
4.0 0.195884 0.6743365000000001 0.024639 0.199063
