6.0 0.420669 0.7014070000000001 0.016025 0.387344
7.0 0.597173 0.33525400000000005 0.008389 0.176172
6.0 0.589346 0.502657 0.009805 0.311875
0.0 0.004502 0.43404250000000005 0.009004 0.211953
0.0 0.0054 0.406387 0.010801 0.134766
0.0 0.449326 0.579472 0.024102 0.261172
0.0 0.844927 0.6998830000000001 0.140244 0.400156
6.0 0.880405 0.474649 0.014443 0.525469
0.0 0.951504 0.5946490000000001 0.044844 0.398594
7.0 0.975474 0.37011700000000003 0.008428 0.191563
0.0 0.993472 0.3993550000000001 0.013057 0.262891
0.0 0.458853 0.3845305 0.015068 0.166875
0.0 0.480469 0.3937885000000001 0.013223 0.079375
0.0 0.473447 0.40908250000000007 0.012031 0.076953
