0.0 0.506387 0.5310745 0.013047 0.149141
0.0 0.008213 0.493222 0.016426 0.268203
0.0 0.034194 0.501718 0.020088 0.250313
0.0 0.241431 0.5391595 0.012705 0.137734
0.0 0.297178 0.6674800000000001 0.023184 0.194766
0.0 0.275234 0.45953050000000006 0.011562 0.121875
0.0 0.270708 0.334609 0.012295 0.068906
0.0 0.25458 0.9395905000000001 0.078379 0.080547
0.0 0.479854 0.5742580000000002 0.015176 0.183281
0.0 0.307383 0.5371090000000001 0.026543 0.223906
0.0 0.671978 0.3882820000000001 0.013994 0.129062
0.0 0.717798 0.4645120000000001 0.016084 0.208984
