6.0 0.951064 0.29927800000000004 0.005215 0.166172
6.0 0.925264 0.43978450000000013 0.008574 0.316484
0.0 0.469512 0.5641795000000001 0.012539 0.153438
0.0 0.48709 0.5144920000000002 0.011641 0.137813
0.0 0.014917 0.6810160000000002 0.029346 0.425312
6.0 0.142476 0.4995505000000001 0.006572 0.233984
7.0 0.150913 0.5190625 0.008525 0.225625
4.0 0.15168 0.65125 0.013223 0.170938
0.0 0.070771 0.31855450000000013 0.012422 0.066094
0.0 0.117534 0.32769550000000003 0.013408 0.068438
0.0 0.015659 0.2856835 0.008877 0.083672
0.0 0.083716 0.335722 0.010947 0.063359
0.0 0.076304 0.6214255000000001 0.038213 0.278047
2.0 0.56856 0.41804650000000004 0.088271 0.767813
0.0 0.506304 0.5910745000000001 0.017803 0.202422
