0.0 0.470908 0.666367 0.021465 0.252031
0.0 0.162534 0.47787100000000005 0.01792 0.096016
6.0 0.247842 0.5116795000000001 0.006152 0.156094
6.0 0.332842 0.403867 0.007227 0.169844
6.0 0.339253 0.383008 0.006318 0.167656
6.0 0.447764 0.5478325000000002 0.004082 0.131016
6.0 0.462178 0.4920505000000001 0.004707 0.107891
6.0 0.047212 0.4434175 0.004775 0.151484
6.0 0.043052 0.425371 0.003799 0.166484
6.0 0.038647 0.42390700000000003 0.005186 0.155625
6.0 0.0704 0.43550800000000006 0.005352 0.176094
