0.0 0.984155 0.31287100000000007 0.011396 0.132109
0.0 0.969531 0.49433650000000007 0.024023 0.274219
0.0 0.952217 0.4027540000000001 0.017598 0.179609
0.0 0.276606 0.9313285 0.064951 0.091562
0.0 0.470273 0.5465425 0.017578 0.162734
0.0 0.486318 0.3927925000000001 0.007559 0.083516
2.0 0.008921 0.1801555 0.005869 0.067969
2.0 0.014204 0.18830050000000007 0.00626 0.092578
0.0 0.008765 0.2410345 0.004287 0.042578
0.0 0.004492 0.2147845 0.004023 0.026328
0.0 0.012031 0.7166995 0.024063 0.377734
0.0 0.991602 0.6988285000000001 0.016797 0.401563
0.0 0.014805 0.29927800000000004 0.008379 0.052578
0.0 0.521206 0.410488 0.011494 0.136953
0.0 0.50481 0.7508005 0.039795 0.332266
0.0 0.505825 0.4471675000000001 0.018643 0.104766
0.0 0.023701 0.3748630000000001 0.013437 0.119453
0.0 0.57061 0.6383005 0.060771 0.471641
0.0 0.515527 0.3089455000000001 0.006445 0.059844
0.0 0.038252 0.514024 0.025352 0.202656
