6.0 0.977925 0.2875000000000001 0.003975 0.105938
0.0 0.033286 0.355528 0.007627 0.075703
0.0 0.017373 0.35359450000000003 0.010469 0.115781
0.0 0.065713 0.490234 0.061934 0.679688
0.0 0.458105 0.6935545000000002 0.032227 0.364844
0.0 0.482729 0.5068750000000001 0.011592 0.128594
0.0 0.007026 0.4934575000000001 0.014053 0.238047
7.0 0.084233 0.4061530000000001 0.006162 0.147891
4.0 0.084189 0.5022460000000001 0.006035 0.095703
2.0 0.578779 0.4081450000000001 0.088535 0.782266
0.0 0.511885 0.5228710000000001 0.011309 0.153516
