0.0 0.650337 0.3585745 0.017139 0.148203
6.0 0.635449 0.33150400000000013 0.004551 0.143828
7.0 0.26291 0.6836530000000001 0.01332 0.395547
0.0 0.395039 0.3848245000000001 0.021348 0.115391
7.0 0.155254 0.5212300000000001 0.006055 0.237891
6.0 0.171289 0.5316595000000001 0.00584 0.224766
6.0 0.15521 0.6941995000000001 0.008721 0.396797
6.0 0.162383 0.6945505000000002 0.007695 0.384766
6.0 0.182622 0.6276370000000001 0.00917 0.395234
6.0 0.256084 0.5663470000000002 0.009707 0.365859
0.0 0.416914 0.29183650000000005 0.018184 0.089844
0.0 0.413325 0.3333790000000001 0.018115 0.080703
0.0 0.397822 0.4037500000000001 0.022969 0.128281
