0.0 0.020742 0.6490240000000002 0.030664 0.411563
0.0 0.040396 0.4281250000000001 0.017197 0.137656
2.0 0.06957 0.4213285 0.025078 0.322656
0.0 0.083008 0.7396675 0.047637 0.347109
0.0 0.188735 0.8275000000000001 0.114834 0.23
6.0 0.204355 0.391504 0.004004 0.121953
0.0 0.404556 0.7877739999999999 0.072822 0.282969
0.0 0.455679 0.6721675 0.037471 0.437109
0.0 0.497988 0.7405465 0.041875 0.345938
7.0 0.552402 0.5101570000000001 0.006113 0.23125
4.0 0.553574 0.5927155000000002 0.013613 0.112734
7.0 0.540044 0.48337900000000006 0.005166 0.188828
6.0 0.682876 0.455254 0.0029 0.097578
