0.0 0.993301 0.439375 0.013398 0.114062
6.0 0.157749 0.5497660000000001 0.005596 0.184219
6.0 0.185464 0.4157035000000001 0.006553 0.163594
6.0 0.191597 0.37667950000000006 0.006533 0.171406
6.0 0.25584 0.5234575000000001 0.004785 0.103828
6.0 0.262832 0.5052925 0.004316 0.090859
6.0 0.791987 0.45748000000000005 0.008682 0.253672
6.0 0.784751 0.4294135 0.006963 0.257969
6.0 0.777573 0.4342180000000001 0.007295 0.249688
6.0 0.877373 0.6248830000000001 0.014395 0.490781
5.0 0.736465 0.6743365000000001 0.007773 0.285
5.0 0.960518 0.752383 0.013203 0.330156
5.0 0.745928 0.5552155000000001 0.006582 0.195703
5.0 0.749243 0.5141410000000001 0.005264 0.165156
5.0 0.868735 0.7887700000000002 0.007393 0.281641
5.0 0.865142 0.7808005 0.006846 0.290547
5.0 0.859131 0.781387 0.006348 0.291484
5.0 0.8379 0.7660929999999999 0.016152 0.311875
