0.0 0.021094 0.7109575000000001 0.041328 0.385391
6.0 0.211431 0.649375 0.006982 0.302031
7.0 0.139019 0.563593 0.008311 0.239687
0.0 0.156914 0.3326755 0.013242 0.079141
4.0 0.139062 0.6969535000000001 0.008086 0.167812
0.0 0.074746 0.3690625 0.012422 0.066094
0.0 0.068818 0.408907 0.016074 0.078125
0.0 0.023252 0.3699415 0.01084 0.104922
0.0 0.032754 0.533653 0.017734 0.221172
0.0 0.051221 0.4114255 0.010332 0.087578
0.0 0.462085 0.5553910000000002 0.016943 0.155312
2.0 0.803628 0.24877000000000005 0.332451 0.998359
0.0 0.504917 0.7182820000000001 0.036475 0.320469
