6.0 0.961812 0.2844535000000001 0.004326 0.128594
6.0 0.952363 0.3720505 0.00707 0.216797
0.0 0.403086 0.8102154999999999 0.047969 0.248516
0.0 0.464673 0.7249615 0.031299 0.332344
0.0 0.491128 0.4363285 0.01335 0.184531
0.0 0.012129 0.5978125000000002 0.024004 0.349688
6.0 0.101094 0.44377 0.00502 0.177891
7.0 0.132349 0.514609 0.008486 0.24875
4.0 0.132109 0.6265240000000001 0.012266 0.154375
0.0 0.136235 0.31826200000000004 0.011514 0.068359
0.0 0.013813 0.268282 0.006729 0.066562
0.0 0.103057 0.32675800000000005 0.0125 0.07
0.0 0.035771 0.38165950000000004 0.012734 0.106172
2.0 0.556353 0.4655665000000001 0.065713 0.710078
0.0 0.508398 0.5552155000000001 0.015996 0.189609
