6.0 0.976812 0.2951755 0.004326 0.113359
0.0 0.036172 0.3792580000000001 0.009453 0.093281
0.0 0.020093 0.38552800000000004 0.012139 0.131328
0.0 0.132119 0.36074200000000006 0.146113 0.852344
0.0 0.470781 0.5866210000000001 0.024375 0.269922
0.0 0.486182 0.47148400000000007 0.009727 0.106875
0.0 0.007446 0.4963870000000001 0.014893 0.244141
7.0 0.088501 0.36244150000000014 0.006162 0.083984
4.0 0.087207 0.5133790000000001 0.008438 0.083828
2.0 0.568994 0.4282420000000001 0.080859 0.752969
0.0 0.511606 0.5120305000000002 0.01167 0.159219
