0.0 0.976514 0.2866795 0.007129 0.069844
0.0 0.922886 0.6343165000000001 0.067939 0.487109
0.0 0.54686 0.6695305000000001 0.036631 0.37375
0.0 0.568442 0.5413285000000001 0.021436 0.250312
0.0 0.032397 0.4312300000000001 0.016846 0.144922
0.0 0.141611 0.8464840000000001 0.083086 0.198125
0.0 0.453662 0.6908590000000001 0.029453 0.282031
0.0 0.004053 0.21191350000000003 0.003027 0.027344
0.0 0.012695 0.7203910000000001 0.025391 0.372812
0.0 0.991602 0.6988285000000001 0.016797 0.401563
0.0 0.008149 0.24220750000000002 0.00417 0.037266
0.0 0.50481 0.7508005 0.039795 0.332266
0.0 0.505825 0.4471675000000001 0.018643 0.104766
0.0 0.012422 0.27490300000000006 0.005918 0.058516
0.0 0.51772 0.357109 0.010264 0.120156
0.0 0.017813 0.321133 0.00834 0.08
