0.0 0.983433 0.31486300000000006 0.012178 0.141172
0.0 0.964131 0.5423830000000002 0.02832 0.3175
0.0 0.945537 0.4332220000000001 0.020898 0.207266
0.0 0.213418 0.922657 0.066621 0.103125
0.0 0.466758 0.5730280000000001 0.02043 0.186641
0.0 0.485098 0.4007035000000001 0.008105 0.089063
2.0 0.008496 0.179629 0.005762 0.065703
2.0 0.013735 0.18742150000000002 0.006084 0.090625
0.0 0.008398 0.23851600000000003 0.00416 0.04125
0.0 0.004136 0.2132035 0.003896 0.025938
0.0 0.012295 0.7181635000000001 0.02459 0.375781
0.0 0.991602 0.6988285000000001 0.016797 0.401563
0.0 0.014282 0.294238 0.007959 0.051641
0.0 0.520366 0.4023430000000001 0.010439 0.114062
0.0 0.50481 0.7508005 0.039795 0.332266
0.0 0.505825 0.4471675000000001 0.018643 0.104766
0.0 0.022515 0.36343750000000014 0.012178 0.109688
0.0 0.556953 0.6290425000000001 0.045996 0.462891
0.0 0.035669 0.48337900000000006 0.021338 0.187266
