6.0 0.083423 0.4421290000000001 0.008311 0.261016
6.0 0.133096 0.59248 0.01125 0.414297
6.0 0.843247 0.5560945 0.022529 0.591875
6.0 0.665967 0.5661715 0.01291 0.521562
6.0 0.149932 0.613399 0.009355 0.414687
6.0 0.154214 0.6729880000000001 0.010381 0.436016
6.0 0.185605 0.6902155000000001 0.009961 0.356484
6.0 0.192285 0.6999415000000001 0.010313 0.392734
6.0 0.170278 0.6806050000000001 0.007939 0.394766
6.0 0.210381 0.7004095000000001 0.011387 0.393203
6.0 0.226421 0.7375 0.009971 0.333281
6.0 0.249644 0.7460545000000001 0.013369 0.31125
6.0 0.267222 0.7017580000000001 0.009932 0.397656
6.0 0.285884 0.701524 0.010244 0.397969
6.0 0.280991 0.6957220000000001 0.010283 0.405703
6.0 0.300684 0.7111915000000001 0.010352 0.385078
6.0 0.321318 0.6491410000000002 0.009512 0.364219
6.0 0.345894 0.7096675 0.013252 0.361641
6.0 0.350337 0.7440625000000001 0.012979 0.294687
6.0 0.366709 0.7054495000000002 0.013223 0.282422
6.0 0.372178 0.6535930000000001 0.010566 0.336875
6.0 0.380239 0.6834175000000001 0.008975 0.274297
6.0 0.388779 0.6700585000000001 0.007988 0.274297
6.0 0.605273 0.5891995000000001 0.016016 0.547734
6.0 0.616401 0.5626570000000001 0.017021 0.583125
6.0 0.584468 0.6554095000000001 0.010732 0.454297
6.0 0.56355 0.613867 0.016123 0.486563
6.0 0.400542 0.5735545000000001 0.008389 0.276875
6.0 0.957012 0.3789655 0.005742 0.225859
