0.0 0.540742 0.5856835000000001 0.029512 0.219141
7.0 0.458872 0.484843 0.004912 0.17125
4.0 0.458735 0.5698045000000002 0.005049 0.12125
6.0 0.57019 0.5804095000000001 0.007666 0.284766
6.0 0.733398 0.3892780000000001 0.004141 0.097422
0.0 0.014365 0.6725785000000002 0.02873 0.436562
2.0 0.0498 0.317149 0.015947 0.149688
0.0 0.047764 0.5534575 0.017734 0.196953
0.0 0.067842 0.6983590000000001 0.042598 0.325
6.0 0.195615 0.3917380000000001 0.003437 0.090703
0.0 0.160562 0.8467779999999999 0.100498 0.204297
0.0 0.376016 0.6835345000000002 0.112383 0.421953
0.0 0.506235 0.7468750000000002 0.033428 0.3375
7.0 0.581909 0.56998 0.007061 0.329453
4.0 0.582568 0.6780280000000002 0.020352 0.183516
7.0 0.562261 0.5608405000000002 0.008506 0.298672
6.0 0.721265 0.4060345 0.003057 0.100547
