0.0 0.655034 0.5780665 0.026572 0.202422
7.0 0.258936 0.6258205 0.020605 0.498906
6.0 0.661147 0.6905080000000001 0.009736 0.4
6.0 0.76606 0.4087300000000001 0.004092 0.118672
0.0 0.012212 0.6684760000000001 0.023525 0.439219
2.0 0.038193 0.2992195 0.010742 0.09625
0.0 0.03877 0.4953910000000001 0.018457 0.17125
6.0 0.177451 0.353125 0.003008 0.075625
0.0 0.051255 0.6700000000000002 0.028154 0.343594
0.0 0.097529 0.6252340000000002 0.080723 0.499687
0.0 0.557705 0.750391 0.053711 0.319688
7.0 0.67731 0.6375385000000001 0.016084 0.483281
4.0 0.677524 0.9063085 0.02458 0.124922
7.0 0.625332 0.6562885 0.013555 0.419687
6.0 0.767236 0.422266 0.003613 0.110938
