0.0 0.538555 0.5866210000000001 0.029316 0.215234
7.0 0.460146 0.4849030000000001 0.004805 0.166172
4.0 0.46002 0.5631250000000001 0.004863 0.118281
6.0 0.568496 0.5736715000000001 0.00752 0.276562
6.0 0.732334 0.3887500000000001 0.00418 0.097344
0.0 0.01458 0.6725200000000001 0.02916 0.436641
2.0 0.050444 0.317734 0.016123 0.151719
0.0 0.048647 0.5579095000000002 0.018428 0.203203
0.0 0.069429 0.7074415000000002 0.044404 0.332109
6.0 0.196348 0.39361300000000005 0.003457 0.091328
0.0 0.171118 0.8569135000000001 0.100186 0.190781
0.0 0.382612 0.6837700000000001 0.107412 0.421641
0.0 0.506099 0.7467580000000001 0.033525 0.337656
7.0 0.580347 0.5654095000000001 0.007041 0.322109
4.0 0.580815 0.6707035 0.019619 0.171875
7.0 0.560952 0.5555665000000001 0.008525 0.293047
6.0 0.719668 0.40585900000000014 0.003008 0.1
