7.0 0.237798 0.475234 0.003174 0.069688
0.0 0.356333 0.4142380000000001 0.018564 0.103984
0.0 0.436211 0.33074200000000004 0.02668 0.188906
0.0 0.411157 0.3839455 0.017256 0.097812
0.0 0.464336 0.2991010000000001 0.019883 0.136563
0.0 0.425527 0.35921800000000004 0.014043 0.094531
0.0 0.492256 0.3016795 0.014863 0.083906
6.0 0.320728 0.7592965000000002 0.007178 0.283438
0.0 0.501401 0.7954494999999999 0.058857 0.272734
0.0 0.480674 0.633262 0.025039 0.265234
0.0 0.016704 0.7007620000000001 0.033408 0.398984
6.0 0.218101 0.47623 0.002217 0.062734
0.0 0.988726 0.7003510000000001 0.022549 0.399531
