0.0 0.996309 0.3065425000000001 0.00582 0.100391
6.0 0.96106 0.26019550000000014 0.002588 0.102813
0.0 0.525 0.3927925000000001 0.016855 0.110703
7.0 0.454512 0.35517550000000003 0.004551 0.058828
7.0 0.443838 0.390508 0.006035 0.1
6.0 0.537031 0.3857620000000001 0.003535 0.081641
6.0 0.213965 0.6408790000000001 0.01252 0.407891
6.0 0.659673 0.7453510000000001 0.011006 0.332031
6.0 0.615713 0.6439255 0.009824 0.380391
6.0 0.647485 0.67627 0.011123 0.372734
6.0 0.674785 0.6770305000000001 0.009902 0.430625
0.0 0.383301 0.354532 0.014805 0.077187
0.0 0.00145 0.3119920000000001 0.0029 0.075625
6.0 0.344912 0.429355 0.005371 0.191641
7.0 0.442524 0.43029250000000013 0.008857 0.110078
6.0 0.335054 0.319726 0.004131 0.097969
0.0 0.039346 0.5547460000000001 0.036797 0.307734
0.0 0.844824 0.898105 0.096484 0.135859
0.0 0.513486 0.7234375000000002 0.043145 0.36875
6.0 0.534893 0.3822460000000001 0.002949 0.103828
