7.0 0.46814 0.3943165000000001 0.003896 0.090078
4.0 0.468252 0.437968 0.003691 0.055938
4.0 0.672124 0.5569135000000002 0.01335 0.175
0.0 0.021553 0.685351 0.037812 0.419531
0.0 0.07603 0.4977925 0.024541 0.155391
0.0 0.119731 0.436972 0.022139 0.140391
6.0 0.383496 0.5760160000000001 0.005684 0.28
0.0 0.119526 0.7866010000000001 0.094561 0.283281
0.0 0.509546 0.6568750000000001 0.02499 0.293594
0.0 0.524863 0.4209175 0.010117 0.082578
0.0 0.509414 0.4053325 0.009961 0.071797
6.0 0.956094 0.365488 0.004668 0.174141
4.0 0.792559 0.583516 0.015957 0.221562
4.0 0.764321 0.5922460000000002 0.013135 0.197266
4.0 0.722827 0.5787700000000001 0.015479 0.180391
