0.0 0.599263 0.5868550000000001 0.033584 0.204922
7.0 0.412988 0.627754 0.013477 0.419766
4.0 0.413154 0.7914070000000001 0.013809 0.278125
6.0 0.601948 0.6809575000000001 0.009736 0.414609
6.0 0.752656 0.4137115000000001 0.004082 0.11125
0.0 0.012754 0.673633 0.025508 0.435156
2.0 0.041685 0.3136915 0.012861 0.116953
0.0 0.046938 0.5657035000000001 0.02415 0.211562
6.0 0.184668 0.3638470000000001 0.003164 0.081328
0.0 0.075146 0.7386715 0.054199 0.348437
0.0 0.182153 0.670234 0.148916 0.439688
0.0 0.521865 0.7413670000000001 0.042734 0.343125
7.0 0.62353 0.6469135 0.01208 0.470781
4.0 0.624175 0.8016595 0.026279 0.262109
7.0 0.589277 0.6514255000000001 0.011133 0.407891
6.0 0.748169 0.43503850000000005 0.00374 0.107969
