0.0 0.982725 0.3296875 0.015859 0.203594
6.0 0.515601 0.680722 0.018584 0.425703
6.0 0.591577 0.407383 0.007783 0.238594
0.0 0.005308 0.4118365 0.010615 0.15375
0.0 0.422988 0.710254 0.046855 0.386328
0.0 0.780264 0.729004 0.145488 0.361328
6.0 0.924536 0.33074200000000004 0.010537 0.322969
0.0 0.914448 0.6718750000000001 0.08585 0.435938
7.0 0.948145 0.5866210000000001 0.014453 0.423047
0.0 0.988965 0.4358005 0.02207 0.311484
0.0 0.458853 0.40556650000000005 0.015068 0.183828
0.0 0.469746 0.42625000000000013 0.013223 0.079375
0.0 0.472124 0.434863 0.012021 0.076953
