0.0 0.986333 0.3070120000000001 0.009033 0.105234
0.0 0.975542 0.41634700000000013 0.019209 0.214609
0.0 0.965605 0.33595750000000013 0.01207 0.102578
0.0 0.398291 0.8311915000000002 0.06293 0.225078
0.0 0.476919 0.4970905 0.013818 0.127422
0.0 0.489268 0.36912100000000003 0.005937 0.066953
2.0 0.010347 0.18138700000000002 0.006084 0.074766
2.0 0.015605 0.19087900000000002 0.006758 0.098828
0.0 0.009863 0.248653 0.004629 0.046797
0.0 0.005527 0.22439500000000007 0.004473 0.028828
0.0 0.01123 0.712246 0.022461 0.383672
0.0 0.992285 0.6671290000000002 0.01543 0.376016
0.0 0.01771 0.32875000000000004 0.010264 0.068125
0.0 0.524717 0.4462300000000001 0.016191 0.179922
0.0 0.50481 0.7508005 0.039795 0.332266
0.0 0.505825 0.4471675000000001 0.018643 0.104766
0.0 0.027959 0.41476600000000013 0.017773 0.152813
0.0 0.710205 0.637363 0.128418 0.483516
0.0 0.515527 0.31820350000000003 0.006445 0.072187
0.0 0.058535 0.644395 0.037363 0.301953
