7.0 0.51585 0.3710545 0.004551 0.05875
7.0 0.546958 0.39332050000000013 0.004404 0.059375
6.0 0.144023 0.5347075000000001 0.008301 0.322734
6.0 0.591021 0.711601 0.010088 0.356406
6.0 0.574912 0.5789455 0.007734 0.299844
6.0 0.595811 0.600508 0.007598 0.32625
6.0 0.601587 0.6400585000000001 0.007549 0.383516
0.0 0.407334 0.4017580000000001 0.016094 0.104844
0.0 0.177637 0.8214054999999999 0.105957 0.238125
6.0 0.308252 0.37703200000000003 0.005371 0.184687
7.0 0.382192 0.3864655 0.008857 0.110078
0.0 0.452603 0.40785100000000013 0.018076 0.139844
6.0 0.374175 0.3398245000000001 0.004131 0.121016
0.0 0.466719 0.6260545000000001 0.025703 0.26875
0.0 0.97939 0.3452740000000001 0.01292 0.15375
0.0 0.513486 0.7234375000000002 0.043145 0.36875
6.0 0.531079 0.390097 0.002939 0.103828
