2.0 0.025488 0.2357035 0.009863 0.143125
2.0 0.059331 0.2785930000000001 0.04165 0.278281
0.0 0.057192 0.6290425000000001 0.030049 0.260391
0.0 0.022773 0.39156250000000004 0.010918 0.086562
0.0 0.004697 0.44693350000000004 0.009395 0.126953
0.0 0.997866 0.4082620000000001 0.004268 0.167266
0.0 0.420854 0.7959175 0.056689 0.265703
0.0 0.974888 0.4461130000000001 0.017432 0.221172
0.0 0.50481 0.7508005 0.039795 0.332266
0.0 0.505825 0.4471675000000001 0.018643 0.104766
0.0 0.47479 0.5150785 0.015029 0.120156
7.0 0.589043 0.23382850000000005 0.004531 0.080625
7.0 0.577773 0.290722 0.005898 0.101641
7.0 0.62936 0.40955050000000004 0.0096 0.208047
0.0 0.986875 0.3281635 0.009199 0.102812
0.0 0.526187 0.4426555000000001 0.011904 0.15125
0.0 0.649404 0.6198445 0.134766 0.506875
0.0 0.483867 0.41107450000000006 0.00916 0.073359
