6.0 0.069048 0.3149800000000001 0.004053 0.095078
7.0 0.926943 0.6810745000000001 0.028164 0.425234
7.0 0.982144 0.36578050000000006 0.004912 0.147188
0.0 0.493779 0.7990825000000001 0.032285 0.253828
0.0 0.503027 0.6680665000000001 0.028711 0.190234
0.0 0.486118 0.5001955 0.02917 0.275
0.0 0.521572 0.5003125 0.018945 0.10875
0.0 0.573994 0.5085745 0.021055 0.110234
0.0 0.621846 0.4905865 0.018945 0.115625
0.0 0.207813 0.3524215000000001 0.01252 0.084063
0.0 0.061392 0.33625000000000005 0.009014 0.085938
0.0 0.126968 0.38886700000000013 0.0221 0.133594
6.0 0.054883 0.30460900000000013 0.00377 0.095625
7.0 0.379893 0.23605450000000003 0.005547 0.075937
6.0 0.520693 0.481153 0.00498 0.111016
6.0 0.528193 0.4648045 0.005293 0.108594
