0.0 0.45915 0.3228325000000001 0.016484 0.107422
0.0 0.463896 0.3874615 0.023828 0.14125
0.0 0.399194 0.39232450000000013 0.012021 0.087734
0.0 0.50248 0.28398400000000007 0.013437 0.078906
6.0 0.273057 0.7423045000000001 0.006523 0.290469
0.0 0.501401 0.7954494999999999 0.058857 0.272734
0.0 0.480674 0.633262 0.025039 0.265234
0.0 0.368833 0.419278 0.013428 0.097266
0.0 0.016768 0.7007620000000001 0.033535 0.398984
6.0 0.223745 0.48062500000000014 0.002217 0.075
6.0 0.232017 0.484726 0.001963 0.069531
0.0 0.41165 0.36789100000000013 0.016543 0.118594
6.0 0.112925 0.3303910000000001 0.002354 0.064844
0.0 0.988726 0.7003510000000001 0.022549 0.399531
