0.0 0.020991 0.710254 0.041182 0.386328
6.0 0.210205 0.6482035 0.006797 0.299531
7.0 0.139312 0.5599615 0.007666 0.23625
0.0 0.159297 0.3313285000000001 0.013164 0.078437
4.0 0.139731 0.6957220000000001 0.008564 0.168516
0.0 0.074746 0.3690625 0.012422 0.066094
0.0 0.070464 0.40609300000000004 0.015967 0.077656
0.0 0.022681 0.36619150000000006 0.010752 0.103516
0.0 0.031548 0.5153710000000001 0.016865 0.201172
0.0 0.051841 0.4111330000000001 0.010654 0.088125
0.0 0.459434 0.5773045000000001 0.018437 0.172656
2.0 0.789233 0.2491795 0.356396 0.998906
0.0 0.504966 0.7124215000000002 0.035518 0.314531
