7.0 0.259214 0.4915825 0.004326 0.092578
0.0 0.420811 0.3627925000000001 0.01752 0.116172
0.0 0.424614 0.389512 0.021338 0.131797
0.0 0.464673 0.3299800000000001 0.016611 0.092578
0.0 0.51604 0.24800800000000003 0.014072 0.107187
6.0 0.283696 0.7601755000000001 0.009111 0.294141
0.0 0.501401 0.7954494999999999 0.058857 0.272734
0.0 0.480674 0.633262 0.025039 0.265234
0.0 0.330981 0.4157035000000001 0.009424 0.049375
0.0 0.016743 0.7007620000000001 0.033486 0.398984
6.0 0.221509 0.47886700000000004 0.002217 0.070156
6.0 0.229595 0.482149 0.001963 0.069531
0.0 0.363687 0.4062115000000001 0.016084 0.117188
0.0 0.988726 0.7003510000000001 0.022549 0.399531
