7.0 0.561465 0.6045505000000001 0.013984 0.527266
6.0 0.524883 0.44019550000000013 0.005879 0.169687
0.0 0.078521 0.753262 0.065713 0.328984
0.0 0.394575 0.9051954999999999 0.087217 0.126406
0.0 0.458647 0.5678125000000002 0.041885 0.551875
0.0 0.482378 0.5002540000000001 0.018994 0.218672
6.0 0.109258 0.5448430000000001 0.010781 0.324844
6.0 0.132866 0.5762500000000002 0.013369 0.349375
0.0 0.027651 0.40726600000000013 0.017549 0.22625
0.0 0.041216 0.497149 0.033291 0.34
6.0 0.072168 0.42326200000000014 0.005332 0.189297
6.0 0.068921 0.4410745000000001 0.006963 0.206016
