0.0 0.061606 0.43445350000000005 0.017197 0.136094
0.0 0.14835 0.7159960000000002 0.050215 0.364609
0.0 0.410947 0.6865240000000001 0.036738 0.260156
0.0 0.320723 0.504121 0.027773 0.137734
2.0 0.458237 0.3992965000000001 0.023174 0.189375
2.0 0.439995 0.4074415 0.037939 0.253828
6.0 0.269092 0.6558790000000001 0.007129 0.255703
6.0 0.265049 0.6332035 0.005645 0.245
0.0 0.245674 0.4567195 0.026797 0.144531
0.0 0.310688 0.45214900000000013 0.019814 0.104375
0.0 0.456821 0.4915240000000001 0.018096 0.162031
6.0 0.403208 0.5083990000000002 0.005283 0.162656
0.0 0.0079 0.4822075 0.01416 0.166328
0.0 0.509209 0.5662885000000001 0.015508 0.167187
6.0 0.079346 0.376972 0.004805 0.104141
