6.0 0.402944 0.7068550000000001 0.014873 0.364609
7.0 0.598159 0.3964255 0.009717 0.200547
6.0 0.579199 0.5595505000000001 0.012773 0.348672
0.0 0.005449 0.408496 0.010898 0.211953
0.0 0.00749 0.3723430000000001 0.011465 0.132969
0.0 0.449438 0.5685745000000001 0.025713 0.255234
0.0 0.87062 0.6820120000000002 0.129834 0.423984
6.0 0.858218 0.487246 0.015166 0.559922
0.0 0.967935 0.484726 0.030322 0.285781
7.0 0.984463 0.32875000000000004 0.007539 0.145156
0.0 0.995791 0.371524 0.008418 0.225781
0.0 0.458853 0.3803710000000001 0.015068 0.160859
0.0 0.490088 0.396484 0.013223 0.079375
0.0 0.473784 0.40252000000000004 0.012021 0.076953
