0.0 0.47709 0.4729495000000001 0.014473 0.128047
2.0 0.015815 0.18619150000000004 0.006885 0.100859
2.0 0.026929 0.23306650000000004 0.013799 0.161172
0.0 0.017251 0.324238 0.008389 0.082578
0.0 0.009565 0.2625970000000001 0.006318 0.039609
0.0 0.008164 0.5855665000000001 0.016328 0.260391
0.0 0.994902 0.545605 0.010195 0.278047
0.0 0.040962 0.5391595 0.023291 0.188359
0.0 0.700718 0.7584175000000002 0.133721 0.322109
0.0 0.50481 0.7508005 0.039795 0.332266
0.0 0.505825 0.4471675000000001 0.018643 0.104766
0.0 0.187456 0.8812884999999999 0.092881 0.152969
7.0 0.577041 0.32951200000000014 0.004258 0.105859
0.0 0.975327 0.4178125 0.019795 0.2325
0.0 0.515918 0.33396550000000014 0.006719 0.074453
0.0 0.525361 0.4087885000000001 0.012305 0.193125
0.0 0.438882 0.7541995000000001 0.041494 0.326172
