0.0 0.362202 0.7009960000000002 0.046787 0.306797
0.0 0.464526 0.429472 0.010967 0.075703
6.0 0.419702 0.46767550000000013 0.005283 0.133984
6.0 0.412661 0.4696675000000001 0.004072 0.125859
6.0 0.085669 0.422383 0.005713 0.191094
0.0 0.008032 0.4530865000000001 0.01249 0.15375
0.0 0.501816 0.5570905 0.015371 0.169453
6.0 0.194849 0.5484760000000002 0.006182 0.217344
0.0 0.047158 0.39232450000000013 0.014355 0.130234
6.0 0.188613 0.5229295000000002 0.005742 0.220469
6.0 0.049443 0.32529250000000004 0.003379 0.076172
6.0 0.934072 0.43509700000000007 0.005547 0.201484
