7.0 0.234795 0.47716750000000013 0.002793 0.073672
0.0 0.346777 0.4166410000000001 0.014258 0.083125
0.0 0.458359 0.3180865 0.02668 0.188906
0.0 0.401987 0.391093 0.017256 0.097812
0.0 0.407236 0.3767965000000001 0.014043 0.094531
0.0 0.479648 0.3174415000000001 0.016211 0.091328
6.0 0.326855 0.7595905 0.008594 0.289297
0.0 0.501401 0.7954494999999999 0.058857 0.272734
0.0 0.480674 0.633262 0.025039 0.265234
0.0 0.016699 0.7007620000000001 0.033398 0.398984
6.0 0.217515 0.475762 0.002217 0.061484
0.0 0.988726 0.7003510000000001 0.022549 0.399531
