6.0 0.962827 0.2579695000000001 0.002588 0.095313
7.0 0.49625 0.36888700000000013 0.004551 0.058828
7.0 0.521343 0.3847660000000001 0.005264 0.076094
6.0 0.162109 0.5702155000000001 0.00873 0.352734
6.0 0.607466 0.7299415000000001 0.010088 0.346016
6.0 0.587739 0.599395 0.008389 0.325234
6.0 0.610508 0.625762 0.008711 0.340859
6.0 0.618042 0.6660745000000001 0.008545 0.408828
0.0 0.394639 0.38382850000000013 0.015156 0.084531
0.0 0.041753 0.5807035000000002 0.0329 0.288125
6.0 0.319678 0.39466750000000006 0.005371 0.187578
7.0 0.41519 0.4156450000000001 0.008857 0.110078
0.0 0.491743 0.42748 0.016279 0.125234
6.0 0.359351 0.3323830000000001 0.004131 0.097969
0.0 0.425112 0.757363 0.067256 0.302734
0.0 0.976606 0.4421875000000001 0.020596 0.219219
0.0 0.513486 0.7234375000000002 0.043145 0.36875
6.0 0.532275 0.38763700000000006 0.002949 0.103828
