0.0 0.020674 0.7082035000000001 0.040723 0.389062
6.0 0.206528 0.644746 0.006221 0.292266
7.0 0.142163 0.48677800000000004 0.007471 0.142578
0.0 0.166436 0.32728450000000003 0.012949 0.076328
4.0 0.141733 0.6918550000000001 0.00999 0.170703
0.0 0.07458 0.36519550000000006 0.012422 0.066094
0.0 0.075396 0.3977155000000001 0.015635 0.076484
0.0 0.020962 0.3548245000000001 0.010479 0.099141
0.0 0.027944 0.4605865000000001 0.014287 0.141094
0.0 0.053696 0.41007850000000007 0.011631 0.089688
0.0 0.451475 0.6431050000000001 0.02291 0.224609
2.0 0.762944 0.24853450000000002 0.387334 0.998047
0.0 0.505117 0.6949030000000002 0.032637 0.296641
