7.0 0.474673 0.4508005 0.003818 0.117734
4.0 0.475073 0.5112115 0.004346 0.074844
0.0 0.018013 0.6714655000000002 0.036025 0.438047
2.0 0.060146 0.3265825 0.01873 0.182266
0.0 0.063359 0.6581635000000001 0.030078 0.299375
0.0 0.109331 0.764278 0.083721 0.314297
6.0 0.205254 0.3870505 0.003496 0.092578
0.0 0.342798 0.8599615000000002 0.091475 0.186719
0.0 0.434683 0.6768550000000001 0.062432 0.430859
0.0 0.504087 0.7447075000000001 0.034932 0.340391
7.0 0.562739 0.536524 0.006729 0.267344
4.0 0.56437 0.6208990000000001 0.014873 0.1425
7.0 0.54834 0.4964455000000001 0.006289 0.192969
6.0 0.699429 0.43128850000000013 0.002979 0.093125
