7.0 0.472241 0.457246 0.003975 0.123203
4.0 0.472295 0.522109 0.003965 0.08
0.0 0.017173 0.671641 0.034346 0.437813
2.0 0.058203 0.32482450000000007 0.018203 0.176172
0.0 0.05981 0.6378910000000001 0.027393 0.279531
0.0 0.099854 0.754375 0.074316 0.3275
6.0 0.203906 0.3892780000000001 0.003496 0.092578
0.0 0.319141 0.877129 0.094531 0.163828
0.0 0.428125 0.6783790000000001 0.068555 0.428828
0.0 0.504482 0.745117 0.034648 0.339844
7.0 0.565156 0.5374615 0.006797 0.270938
4.0 0.566836 0.6285160000000001 0.015449 0.141406
7.0 0.550591 0.5119135000000001 0.006689 0.219063
6.0 0.702388 0.43105450000000006 0.002959 0.094531
