0.0 0.488525 0.38013700000000006 0.01334 0.089453
0.0 0.014224 0.29980450000000003 0.010693 0.106406
0.0 0.507256 0.5306635000000001 0.024648 0.222031
0.0 0.507852 0.7574215000000002 0.042637 0.31125
0.0 0.399727 0.39607450000000005 0.014434 0.089141
2.0 0.021704 0.21502000000000002 0.016006 0.170547
0.0 0.032012 0.4048045000000001 0.021328 0.238125
1.0 0.440122 0.288847 0.080244 0.948203
0.0 0.01521 0.6878125 0.03042 0.414531
6.0 0.510166 0.3080080000000001 0.003906 0.086562
6.0 0.517407 0.3098830000000001 0.004346 0.090469
2.0 0.013037 0.20042950000000004 0.011484 0.148281
