6.0 0.373052 0.5819335 0.007764 0.222734
5.0 0.255229 0.6678910000000001 0.012217 0.194844
6.0 0.720093 0.413476 0.004346 0.131406
4.0 0.722197 0.8311915000000002 0.010996 0.224922
0.0 0.216729 0.7500969999999999 0.043125 0.333203
0.0 0.325229 0.7516795 0.055576 0.327656
6.0 0.811035 0.6666010000000001 0.016406 0.444531
6.0 0.463657 0.533653 0.005869 0.127422
6.0 0.066914 0.48238300000000006 0.0025 0.066719
5.0 0.083594 0.5432035000000001 0.004824 0.139062
5.0 0.089961 0.5571490000000001 0.004902 0.151875
