0.0 0.986865 0.33027400000000007 0.017656 0.191719
6.0 0.495767 0.680722 0.018584 0.425703
7.0 0.617852 0.2501755000000001 0.006504 0.138359
6.0 0.592017 0.40415950000000006 0.008506 0.251172
0.0 0.0054 0.42021550000000013 0.010801 0.153203
0.0 0.436479 0.6557620000000001 0.039502 0.332891
0.0 0.785073 0.7352155000000001 0.146553 0.353047
6.0 0.919399 0.3618550000000001 0.011318 0.364141
0.0 0.913408 0.6866995 0.083555 0.415859
7.0 0.95209 0.5408005000000001 0.013047 0.375234
0.0 0.989453 0.4387300000000001 0.021094 0.315391
0.0 0.458853 0.3978325 0.015068 0.186016
0.0 0.470098 0.4220320000000001 0.013223 0.079375
0.0 0.472363 0.4302340000000001 0.012031 0.077031
