7.0 0.235996 0.476347 0.002949 0.072109
0.0 0.350601 0.41576200000000013 0.015986 0.091484
0.0 0.449497 0.3231835 0.02667 0.188984
0.0 0.405659 0.3882820000000001 0.017256 0.097812
0.0 0.463735 0.30138700000000007 0.014189 0.137734
0.0 0.414258 0.36466750000000003 0.013477 0.090859
0.0 0.484692 0.311113 0.015674 0.088359
6.0 0.324404 0.759472 0.008027 0.286953
0.0 0.501401 0.7954494999999999 0.058857 0.272734
0.0 0.480674 0.633262 0.025039 0.265234
0.0 0.016704 0.7007620000000001 0.033408 0.398984
6.0 0.217749 0.47593750000000007 0.002217 0.062031
0.0 0.988726 0.7003510000000001 0.022549 0.399531
