6.0 0.410029 0.7046290000000001 0.015332 0.373672
7.0 0.597524 0.3658405000000001 0.009189 0.192266
6.0 0.583257 0.5368165000000001 0.011592 0.333984
0.0 0.005068 0.4186915000000001 0.010137 0.211953
0.0 0.006294 0.391093 0.011084 0.132969
0.0 0.449761 0.5797075000000002 0.024326 0.266641
0.0 0.860107 0.6894535000000002 0.134453 0.414062
6.0 0.867964 0.4822075 0.014873 0.546172
0.0 0.961357 0.5286715000000001 0.036133 0.330937
7.0 0.980864 0.3452740000000001 0.0079 0.16375
0.0 0.994863 0.38265550000000004 0.010273 0.240625
0.0 0.458853 0.382012 0.015068 0.163359
0.0 0.485679 0.3928510000000001 0.013232 0.079375
0.0 0.473647 0.40509700000000004 0.012021 0.076953
