0.0 0.026348 0.4890040000000001 0.019883 0.120234
0.0 0.034277 0.4442965 0.019141 0.101875
6.0 0.185205 0.5147845000000001 0.005605 0.179766
6.0 0.216426 0.38218750000000007 0.006309 0.158125
6.0 0.221738 0.37814500000000006 0.005078 0.146328
6.0 0.287397 0.46123 0.004795 0.103828
6.0 0.295264 0.4509175 0.004336 0.091953
6.0 0.84521 0.4752925 0.007471 0.280859
6.0 0.836992 0.48162100000000013 0.009102 0.281797
6.0 0.828701 0.4662115 0.006934 0.250781
6.0 0.930083 0.637246 0.012432 0.483672
5.0 0.794404 0.6767965 0.007773 0.285
5.0 0.924639 0.7654494999999999 0.007266 0.279141
5.0 0.919785 0.7711915000000001 0.005078 0.283516
5.0 0.914121 0.7754694999999999 0.007734 0.299375
5.0 0.895762 0.7496290000000001 0.013828 0.319766
