0.0 0.486045 0.4895305000000001 0.011562 0.136875
0.0 0.740552 0.27373 0.012432 0.132734
0.0 0.506299 0.5284960000000002 0.013047 0.147266
0.0 0.008159 0.492226 0.016318 0.266875
0.0 0.025195 0.41230450000000013 0.013477 0.150781
0.0 0.217817 0.509629 0.012705 0.137734
0.0 0.262593 0.6474415000000001 0.019717 0.209141
0.0 0.257378 0.4512115 0.01042 0.128906
0.0 0.258784 0.3095305000000001 0.012295 0.068906
0.0 0.068979 0.7418365000000001 0.047881 0.311875
0.0 0.465454 0.6995305000000002 0.028662 0.285781
0.0 0.281484 0.5473630000000002 0.022637 0.257422
0.0 0.693296 0.41107450000000006 0.015107 0.128984
0.0 0.752061 0.46790950000000003 0.018965 0.208984
