6.0 0.395854 0.7089655000000001 0.014404 0.355547
7.0 0.599194 0.43744150000000004 0.010264 0.206328
6.0 0.575137 0.5822845000000001 0.013965 0.363359
0.0 0.005825 0.3983005000000001 0.01165 0.211953
0.0 0.008682 0.35371150000000007 0.011855 0.132969
0.0 0.449595 0.560899 0.026123 0.248438
0.0 0.881133 0.6745120000000001 0.125215 0.433984
6.0 0.848472 0.492226 0.015439 0.57375
0.0 0.974502 0.440782 0.024512 0.240625
7.0 0.988057 0.312226 0.007188 0.126562
0.0 0.996719 0.36039100000000013 0.006563 0.210938
0.0 0.458853 0.37873000000000007 0.015068 0.158516
0.0 0.494497 0.40011700000000006 0.013232 0.079375
0.0 0.473921 0.39982450000000014 0.012021 0.076953
