7.0 0.523389 0.4383205 0.00498 0.169219
6.0 0.518154 0.427774 0.003828 0.119844
0.0 0.42373 0.7859575000000001 0.062305 0.285391
0.0 0.471401 0.6399415 0.026533 0.272266
0.0 0.481133 0.478222 0.01666 0.262109
6.0 0.260381 0.6349615000000001 0.013613 0.486719
6.0 0.294521 0.660274 0.013516 0.440937
0.0 0.01749 0.3728125000000001 0.010566 0.090781
0.0 0.022935 0.38084050000000014 0.008232 0.113047
0.0 0.030215 0.48191350000000005 0.015078 0.135469
0.0 0.051045 0.5575585000000001 0.040098 0.404453
0.0 0.151841 0.6494335000000001 0.155869 0.467422
6.0 0.156089 0.5913085000000001 0.010771 0.410547
6.0 0.158784 0.5965825000000001 0.011865 0.396641
