0.0 0.641528 0.57748 0.030361 0.199609
7.0 0.313096 0.6315040000000001 0.019316 0.491328
6.0 0.643081 0.6826570000000001 0.009736 0.403281
6.0 0.762583 0.4086715000000001 0.004092 0.117344
0.0 0.012188 0.6741595000000001 0.024375 0.434453
2.0 0.03938 0.31720750000000003 0.010986 0.099453
0.0 0.040679 0.5229295000000002 0.019736 0.182969
6.0 0.179561 0.3508405000000001 0.003047 0.076953
0.0 0.056279 0.7091995000000001 0.033027 0.375234
0.0 0.109653 0.6424030000000001 0.096709 0.476797
0.0 0.547134 0.7419535 0.051475 0.329219
7.0 0.663149 0.640468 0.015869 0.479375
4.0 0.661406 0.8324214999999999 0.028926 0.223437
7.0 0.614663 0.6541795000000001 0.011826 0.419687
6.0 0.763848 0.4379095 0.003672 0.110391
