6.0 0.42626 0.6221875000000001 0.008223 0.25375
6.0 0.434585 0.537637 0.006846 0.191641
7.0 0.211636 0.574903 0.00874 0.310234
5.0 0.696709 0.35113300000000003 0.008457 0.2225
5.0 0.690337 0.3684175000000001 0.009229 0.229609
0.0 0.703667 0.15355450000000004 0.01415 0.155469
4.0 0.65771 0.36959050000000004 0.013037 0.230547
4.0 0.634766 0.2862115 0.011973 0.196406
5.0 0.675908 0.2950000000000001 0.011855 0.211875
6.0 0.624736 0.5891995000000001 0.023105 0.546797
7.0 0.203477 0.5793550000000002 0.009063 0.319453
6.0 0.512456 0.4641010000000001 0.005498 0.146406
6.0 0.521792 0.42003850000000004 0.005205 0.127656
4.0 0.20626 0.6877540000000001 0.025391 0.205078
