6.0 0.325083 0.6239455 0.008232 0.37
6.0 0.372295 0.6538870000000001 0.00752 0.344297
6.0 0.390942 0.67873 0.008916 0.363203
6.0 0.397178 0.6483205000000001 0.007168 0.288438
6.0 0.573545 0.5164840000000002 0.010508 0.344844
6.0 0.579336 0.43855450000000007 0.008828 0.228906
6.0 0.406343 0.6380080000000001 0.006904 0.297344
6.0 0.413149 0.6449215 0.009482 0.340313
6.0 0.423789 0.6075385000000001 0.009883 0.304219
6.0 0.437446 0.5777740000000001 0.009678 0.178594
6.0 0.447192 0.5771875000000001 0.007451 0.240781
6.0 0.453096 0.5423830000000002 0.006562 0.216094
6.0 0.465386 0.5088085000000001 0.005029 0.203203
6.0 0.460405 0.525742 0.007451 0.155
6.0 0.80708 0.5919535 0.027773 0.544063
