6.0 0.952915 0.2955280000000001 0.005068 0.162109
6.0 0.930854 0.42080050000000013 0.008291 0.296641
0.0 0.466885 0.5859175 0.014043 0.170859
0.0 0.48585 0.5269135000000001 0.012363 0.148125
0.0 0.014487 0.6681835 0.028525 0.413672
6.0 0.135566 0.4910545000000001 0.006406 0.227031
7.0 0.150371 0.5461330000000001 0.006602 0.266094
4.0 0.150449 0.646738 0.013125 0.171172
0.0 0.070234 0.3159760000000001 0.012422 0.066094
0.0 0.119917 0.322129 0.012803 0.068359
0.0 0.015288 0.28040950000000003 0.008428 0.080234
0.0 0.087998 0.3294535000000001 0.011602 0.065
0.0 0.063848 0.5436715000000001 0.031016 0.215
2.0 0.564985 0.4356250000000001 0.083799 0.748437
0.0 0.506396 0.5867380000000001 0.01752 0.200234
