6.0 0.641787 0.4207420000000001 0.004551 0.14375
7.0 0.356978 0.7309375000000001 0.013779 0.35875
0.0 0.430171 0.566992 0.020869 0.111719
7.0 0.211294 0.5248630000000001 0.012139 0.330859
6.0 0.225459 0.5059960000000001 0.00584 0.224766
6.0 0.228604 0.6395305000000001 0.008984 0.390156
6.0 0.236104 0.6475585000000001 0.007695 0.371641
6.0 0.250195 0.6294535000000001 0.00918 0.350469
6.0 0.344116 0.6719920000000001 0.009717 0.386406
0.0 0.444956 0.49082050000000005 0.018174 0.089844
0.0 0.443838 0.5157820000000001 0.018125 0.073125
0.0 0.438452 0.5292580000000001 0.021865 0.119844
