0.0 0.487964 0.3849415 0.01335 0.089453
0.0 0.014644 0.29142550000000006 0.009756 0.090078
0.0 0.507246 0.5301370000000001 0.02459 0.221328
0.0 0.507817 0.7574215000000002 0.042646 0.31125
0.0 0.399707 0.396484 0.014492 0.089375
2.0 0.021274 0.212851 0.015557 0.167656
0.0 0.030332 0.3898045000000001 0.020977 0.221406
1.0 0.43355 0.25000000000000006 0.091318 1.0
0.0 0.01519 0.6876955 0.030381 0.414531
6.0 0.509961 0.3078910000000001 0.003867 0.086563
6.0 0.516953 0.3100000000000001 0.004355 0.090469
2.0 0.012939 0.19978450000000006 0.011348 0.148359
