0.0 0.021338 0.6695905 0.034414 0.429297
0.0 0.036782 0.445351 0.017178 0.153906
2.0 0.069854 0.4032220000000001 0.024082 0.301172
0.0 0.082031 0.7368550000000001 0.04709 0.350859
0.0 0.183706 0.8219335000000001 0.113623 0.237422
6.0 0.205903 0.3892780000000001 0.003916 0.116797
0.0 0.402041 0.7925200000000001 0.073242 0.276641
0.0 0.454395 0.6726955 0.039434 0.436406
0.0 0.499043 0.741133 0.040469 0.345156
7.0 0.552808 0.5154880000000002 0.006201 0.236016
4.0 0.554199 0.5927740000000001 0.013711 0.116875
7.0 0.540889 0.4799800000000001 0.005313 0.181172
6.0 0.683804 0.4530280000000001 0.002979 0.093359
