0.0 0.973262 0.3087115 0.009355 0.090469
0.0 0.929829 0.5453710000000002 0.020693 0.231172
0.0 0.857451 0.6420505000000001 0.13209 0.477266
0.0 0.538359 0.5850970000000001 0.028184 0.287266
0.0 0.55166 0.4723045 0.015625 0.203594
0.0 0.027021 0.387988 0.012754 0.116016
0.0 0.084697 0.7639255 0.056914 0.314766
0.0 0.434546 0.7746490000000001 0.044736 0.29625
0.0 0.003369 0.21074200000000007 0.003027 0.027344
0.0 0.012695 0.7203910000000001 0.025391 0.372812
0.0 0.991602 0.6988285000000001 0.016797 0.401563
0.0 0.007173 0.23582050000000004 0.003857 0.034219
0.0 0.50481 0.7508005 0.039795 0.332266
0.0 0.505825 0.4471675000000001 0.018643 0.104766
0.0 0.01123 0.2617180000000001 0.005078 0.051562
0.0 0.515771 0.339121 0.008652 0.097266
0.0 0.016108 0.3044335000000001 0.007471 0.067734
