0.0 0.473755 0.4630465000000001 0.010654 0.095937
0.0 0.034692 0.3274615000000001 0.008115 0.071719
0.0 0.045122 0.3714655 0.011748 0.106797
0.0 0.085645 0.5421490000000001 0.027246 0.202656
0.0 0.218379 0.47148400000000007 0.025234 0.144687
2.0 0.344194 0.5314840000000002 0.14583 0.575625
2.0 0.403218 0.4411330000000001 0.095557 0.441406
6.0 0.15479 0.53752 0.006182 0.214453
6.0 0.160688 0.5399800000000001 0.005439 0.211797
0.0 0.153247 0.372403 0.013408 0.100078
0.0 0.226772 0.45250000000000007 0.023408 0.144062
0.0 0.461426 0.4735345000000001 0.010195 0.103516
0.0 0.44394 0.5981635000000001 0.023936 0.204688
0.0 0.188965 0.7103710000000001 0.069727 0.386172
6.0 0.294775 0.561484 0.005645 0.256406
6.0 0.55874 0.41400400000000004 0.004434 0.118672
0.0 0.007075 0.495625 0.01415 0.170469
0.0 0.507524 0.564532 0.016064 0.158125
