6.0 0.968892 0.328516 0.005869 0.145625
0.0 0.083052 0.6321490000000002 0.029834 0.179375
0.0 0.071196 0.7243165000000001 0.058975 0.367578
0.0 0.473237 0.5368750000000001 0.02999 0.4075
0.0 0.009346 0.5145505000000001 0.018672 0.274141
6.0 0.072666 0.3862300000000001 0.003965 0.128672
7.0 0.107466 0.4789840000000001 0.008096 0.19
4.0 0.107788 0.5703325000000001 0.009854 0.138047
0.0 0.149434 0.29377000000000003 0.011504 0.044609
0.0 0.012402 0.2717965 0.004785 0.050625
0.0 0.023374 0.3133990000000001 0.005654 0.060781
2.0 0.55876 0.44699200000000006 0.065449 0.731406
0.0 0.510356 0.5198245000000001 0.013877 0.176484
