0.0 0.553301 0.5904295 0.028281 0.215156
7.0 0.45022 0.5185945000000001 0.006748 0.214844
4.0 0.45062 0.6027340000000001 0.005537 0.146875
6.0 0.578687 0.6143365000000001 0.008408 0.326094
6.0 0.739355 0.3982420000000001 0.004082 0.100781
0.0 0.013555 0.6729295000000001 0.027109 0.436094
2.0 0.046572 0.3141595 0.015078 0.139453
0.0 0.04335 0.5312500000000001 0.014238 0.165625
0.0 0.059897 0.6530080000000001 0.033525 0.288906
6.0 0.191968 0.38242150000000014 0.00335 0.0875
0.0 0.116948 0.803125 0.094248 0.2625
0.0 0.336494 0.687343 0.138984 0.416875
0.0 0.508354 0.7451755000000001 0.034932 0.339766
7.0 0.590977 0.5966995000000002 0.008301 0.373984
4.0 0.593149 0.7188085000000001 0.022822 0.221484
7.0 0.568813 0.5872075000000001 0.008467 0.326953
6.0 0.729731 0.4111915000000001 0.003291 0.103047
