0.0 0.506445 0.533008 0.013047 0.150625
0.0 0.008257 0.4940425000000001 0.016514 0.269297
0.0 0.049854 0.6249415 0.036055 0.324766
0.0 0.258032 0.5429095000000002 0.012705 0.137734
0.0 0.317476 0.6579880000000001 0.025771 0.183984
0.0 0.288623 0.465742 0.012422 0.116563
0.0 0.279653 0.3533590000000001 0.012295 0.068906
0.0 0.416328 0.8154880000000001 0.058086 0.227422
0.0 0.484917 0.52252 0.012432 0.139297
0.0 0.326812 0.5294920000000002 0.029463 0.19875
0.0 0.658545 0.38341750000000013 0.015215 0.128984
0.0 0.692095 0.46193350000000005 0.013936 0.208984
