7.0 0.246675 0.48507850000000013 0.004092 0.08
0.0 0.38563 0.4 0.01833 0.118906
0.0 0.493037 0.31685500000000005 0.018262 0.112422
0.0 0.371138 0.39209050000000006 0.027236 0.179297
0.0 0.436924 0.3608590000000001 0.01709 0.096562
0.0 0.489316 0.27953050000000007 0.017715 0.125781
0.0 0.472305 0.30671950000000003 0.014043 0.094531
0.0 0.526128 0.25597600000000004 0.013252 0.075
6.0 0.301572 0.7666795 0.004199 0.28875
0.0 0.501401 0.7954494999999999 0.058857 0.272734
0.0 0.480674 0.633262 0.025039 0.265234
0.0 0.016724 0.7007620000000001 0.033447 0.398984
6.0 0.219751 0.4775200000000001 0.002217 0.066328
0.0 0.988726 0.7003510000000001 0.022549 0.399531
