7.0 0.538481 0.5105080000000002 0.009756 0.318281
6.0 0.522554 0.43597600000000003 0.005166 0.151094
0.0 0.13874 0.8382820000000001 0.099062 0.215625
0.0 0.439526 0.8001955000000002 0.058838 0.266406
0.0 0.469375 0.5268550000000001 0.030977 0.419141
0.0 0.485078 0.4816795 0.017324 0.194844
6.0 0.138706 0.5393950000000002 0.01165 0.346953
6.0 0.172266 0.6020305 0.013867 0.390781
0.0 0.023589 0.41107450000000006 0.010342 0.124453
0.0 0.032578 0.4227340000000001 0.020137 0.246875
0.0 0.051768 0.5696875000000001 0.040605 0.4425
6.0 0.088232 0.4710160000000001 0.007305 0.247344
6.0 0.081982 0.4757035 0.007773 0.2475
