0.0 0.488018 0.478222 0.010059 0.111484
0.0 0.729819 0.2695705000000001 0.011201 0.125938
0.0 0.506343 0.5297845000000001 0.013057 0.148203
0.0 0.008188 0.492754 0.016377 0.267578
0.0 0.030112 0.449863 0.017061 0.190234
0.0 0.229624 0.5243950000000002 0.012705 0.137734
0.0 0.279888 0.6574615000000001 0.021455 0.201875
0.0 0.266304 0.455371 0.010986 0.125391
0.0 0.264746 0.3220705 0.012305 0.068906
0.0 0.110552 0.8290825000000002 0.079307 0.227891
0.0 0.474326 0.6199615 0.021309 0.2275
0.0 0.294434 0.5422660000000001 0.02459 0.240625
0.0 0.68207 0.3969535 0.014102 0.129062
0.0 0.734927 0.46627 0.017529 0.208984
