0.0 0.468291 0.43339900000000003 0.009219 0.07375
0.0 0.456348 0.4991995 0.016016 0.150547
0.0 0.028794 0.3136915 0.006201 0.055391
0.0 0.035605 0.33923800000000004 0.007031 0.078828
0.0 0.053394 0.4132420000000001 0.013486 0.117969
2.0 0.200254 0.5013670000000001 0.167695 0.664844
2.0 0.374834 0.44359300000000007 0.120762 0.523438
6.0 0.126431 0.5033005 0.004854 0.176484
6.0 0.13167 0.5023630000000001 0.005176 0.167578
0.0 0.13272 0.3692965000000001 0.018096 0.125
0.0 0.44085 0.5166595 0.016543 0.153984
0.0 0.348008 0.7762885000000002 0.065898 0.294531
0.0 0.084502 0.49433650000000007 0.026914 0.226562
6.0 0.22877 0.5557420000000001 0.005645 0.256406
6.0 0.570244 0.4270705000000001 0.004922 0.145625
0.0 0.007075 0.49040950000000005 0.01415 0.185078
0.0 0.506792 0.5637115000000001 0.016318 0.154219
