0.0 0.946147 0.6806635 0.045498 0.425781
0.0 0.665884 0.513028 0.012354 0.127578
6.0 0.343843 0.41377000000000014 0.008193 0.154297
4.0 0.343867 0.632851 0.008633 0.1325
6.0 0.852861 0.656347 0.011387 0.441484
6.0 0.842568 0.6799615000000001 0.009805 0.424375
0.0 0.919434 0.47623 0.011484 0.146016
0.0 0.962065 0.5282035 0.021201 0.32125
6.0 0.709038 0.44892550000000003 0.003525 0.146641
0.0 0.631084 0.7444720000000001 0.036465 0.336016
7.0 0.798257 0.6278125 0.012568 0.49625
4.0 0.791265 0.8833990000000002 0.018252 0.155469
7.0 0.7896 0.6775000000000001 0.025703 0.43
6.0 0.716079 0.468262 0.004443 0.145391
