0.0 0.16627 0.4396675000000001 0.01791 0.089922
0.0 0.180654 0.4224415 0.019805 0.098672
6.0 0.287739 0.49111300000000013 0.005596 0.151641
6.0 0.346172 0.42103450000000003 0.007227 0.158047
6.0 0.352593 0.393379 0.006182 0.149297
6.0 0.433955 0.5383405000000001 0.004082 0.099609
6.0 0.445493 0.5109175000000001 0.004307 0.102109
6.0 0.032275 0.4336330000000001 0.005762 0.191094
6.0 0.026514 0.4229095 0.006934 0.206953
6.0 0.019395 0.44875 0.006875 0.177344
6.0 0.073779 0.46790950000000003 0.007051 0.247578
