6.0 0.961797 0.259258 0.002598 0.099688
0.0 0.538364 0.40117150000000007 0.017686 0.117656
7.0 0.471475 0.36466750000000003 0.004551 0.058828
7.0 0.478286 0.3954295 0.006064 0.093906
6.0 0.191333 0.615391 0.011572 0.390938
6.0 0.632163 0.7476370000000001 0.010303 0.334766
6.0 0.604058 0.6254095000000001 0.009229 0.357422
6.0 0.631396 0.6552925 0.010117 0.359453
6.0 0.646895 0.6674800000000001 0.009805 0.440859
0.0 0.38666 0.365899 0.014805 0.077187
0.0 0.01083 0.38664100000000007 0.013887 0.156875
6.0 0.334229 0.41705050000000005 0.005371 0.191172
7.0 0.434985 0.42056650000000007 0.008857 0.110078
0.0 0.542036 0.41195350000000003 0.008701 0.141406
6.0 0.344038 0.323125 0.004131 0.097969
0.0 0.112075 0.7637500000000002 0.100908 0.31
0.0 0.944336 0.6991795000000001 0.048633 0.378594
0.0 0.513486 0.7234375000000002 0.043145 0.36875
6.0 0.533799 0.384472 0.002949 0.103828
