0.0 0.974893 0.2976955 0.008242 0.080156
0.0 0.945615 0.4607035 0.012773 0.168906
0.0 0.89458 0.63625 0.094375 0.485
0.0 0.542607 0.627343 0.032402 0.330469
0.0 0.560049 0.5068165000000001 0.018535 0.226953
0.0 0.029712 0.40960900000000006 0.014795 0.130469
0.0 0.106895 0.801016 0.074102 0.2625
0.0 0.446299 0.7453510000000001 0.036348 0.327031
0.0 0.003711 0.21132850000000003 0.003027 0.027344
0.0 0.012695 0.7203910000000001 0.025391 0.372812
0.0 0.991602 0.6988285000000001 0.016797 0.401563
0.0 0.007661 0.238984 0.004014 0.035781
0.0 0.50481 0.7508005 0.039795 0.332266
0.0 0.505825 0.4471675000000001 0.018643 0.104766
0.0 0.011826 0.268282 0.005488 0.055
0.0 0.516494 0.34673800000000005 0.009492 0.106797
0.0 0.016938 0.3119920000000001 0.007861 0.0725
