6.0 0.953838 0.293653 0.005 0.159922
6.0 0.933311 0.4145905000000001 0.008145 0.286797
0.0 0.463789 0.6037885000000002 0.015469 0.182344
0.0 0.485225 0.5332420000000001 0.012734 0.153281
0.0 0.014272 0.6617965 0.028115 0.407812
6.0 0.132119 0.48736300000000005 0.006289 0.222578
7.0 0.148848 0.5446675000000001 0.006836 0.266484
4.0 0.149272 0.6484960000000001 0.01333 0.165703
0.0 0.069961 0.3146875 0.012422 0.066094
0.0 0.11998 0.3200785 0.012187 0.068438
0.0 0.015156 0.279238 0.008281 0.078984
0.0 0.090142 0.32628850000000004 0.011924 0.065781
0.0 0.058765 0.5086915000000001 0.028525 0.199766
2.0 0.563198 0.4444135 0.081572 0.73875
0.0 0.506445 0.5845705000000001 0.017383 0.199219
