6.0 0.394087 0.7094920000000001 0.014287 0.353281
7.0 0.599453 0.44769550000000014 0.010391 0.207813
6.0 0.574121 0.5879095 0.014258 0.367109
0.0 0.005918 0.3957220000000001 0.011836 0.211953
0.0 0.008984 0.349024 0.011953 0.132969
0.0 0.449507 0.5672260000000001 0.026494 0.257656
0.0 0.883765 0.672637 0.124053 0.436484
6.0 0.846035 0.4935160000000001 0.015508 0.577187
0.0 0.976143 0.429766 0.023066 0.229375
7.0 0.98895 0.308125 0.0071 0.121875
0.0 0.996948 0.35763700000000004 0.006104 0.207266
0.0 0.458853 0.3782620000000001 0.015068 0.157891
0.0 0.495601 0.400996 0.013232 0.079297
0.0 0.473955 0.3992380000000001 0.012031 0.076953
