0.0 0.017407 0.336016 0.01165 0.111563
0.0 0.507334 0.5341210000000001 0.02502 0.226641
0.0 0.508057 0.7574215000000002 0.042637 0.31125
0.0 0.399868 0.3934375 0.014072 0.087031
2.0 0.024692 0.2301955 0.01917 0.190781
0.0 0.050859 0.5251570000000001 0.03793 0.375312
1.0 0.468223 0.323653 0.037891 0.541484
0.0 0.015317 0.6882820000000001 0.030635 0.414531
6.0 0.512031 0.30882850000000006 0.003906 0.086563
6.0 0.520581 0.30929650000000003 0.004346 0.090469
2.0 0.013721 0.20494150000000005 0.012363 0.148359
