0.0 0.969712 0.3284575000000001 0.010986 0.108828
0.0 0.890088 0.7207420000000001 0.053027 0.372344
0.0 0.759961 0.6479680000000001 0.170898 0.467031
0.0 0.531982 0.5218165000000001 0.021836 0.222422
0.0 0.545068 0.4377925 0.012051 0.167109
0.0 0.024727 0.3712885000000001 0.011875 0.110156
0.0 0.063901 0.6915040000000001 0.040889 0.323828
0.0 0.412314 0.8099215000000001 0.059199 0.253437
0.0 0.012695 0.7203910000000001 0.025391 0.372812
0.0 0.991602 0.6988285000000001 0.016797 0.401563
0.0 0.00644 0.2309575 0.003623 0.031953
0.0 0.50481 0.7508005 0.039795 0.332266
0.0 0.505825 0.4471675000000001 0.018643 0.104766
0.0 0.010439 0.25544950000000005 0.004473 0.045859
0.0 0.515435 0.3320905 0.007295 0.088516
0.0 0.014937 0.29535100000000003 0.007021 0.064688
