2.0 0.025112 0.23371150000000002 0.009736 0.141406
2.0 0.057573 0.2771290000000001 0.040303 0.272891
0.0 0.053188 0.6043165 0.026436 0.241641
0.0 0.022217 0.3862300000000001 0.010742 0.084766
0.0 0.004829 0.4515625000000001 0.009658 0.13125
0.0 0.997749 0.4135345 0.004502 0.171484
0.0 0.412935 0.8065240000000001 0.06085 0.248281
0.0 0.974272 0.4577155 0.018076 0.232422
0.0 0.50481 0.7508005 0.039795 0.332266
0.0 0.505825 0.4471675000000001 0.018643 0.104766
0.0 0.473252 0.5279095000000001 0.016504 0.131953
7.0 0.590073 0.229903 0.004463 0.078672
7.0 0.578735 0.2860930000000001 0.005693 0.100625
7.0 0.624775 0.4072075000000001 0.009141 0.203516
0.0 0.986592 0.3293365000000001 0.009551 0.106563
0.0 0.525435 0.43849600000000005 0.011553 0.148516
0.0 0.631353 0.6257035000000002 0.120869 0.499062
0.0 0.483135 0.4171675000000001 0.009668 0.079922
