0.0 0.985815 0.22761700000000004 0.005908 0.055781
0.0 0.994346 0.2775970000000001 0.005547 0.078359
6.0 0.958999 0.2628325 0.002588 0.111641
6.0 0.961934 0.2634175 0.002578 0.110391
0.0 0.509351 0.376504 0.006689 0.078203
7.0 0.409692 0.3316795 0.003818 0.05875
7.0 0.336943 0.312637 0.006035 0.110391
6.0 0.530479 0.38212900000000005 0.003535 0.081641
6.0 0.284297 0.6719920000000001 0.010938 0.406563
6.0 0.754531 0.7568365 0.012969 0.324219
6.0 0.661919 0.6435745000000002 0.011436 0.441797
6.0 0.717451 0.7113085000000001 0.012324 0.384922
6.0 0.764121 0.676621 0.009902 0.427734
0.0 0.381089 0.35417950000000004 0.014814 0.077187
6.0 0.375039 0.4609960000000001 0.005371 0.191641
7.0 0.446211 0.421855 0.008848 0.110078
6.0 0.319165 0.302149 0.004131 0.097969
0.0 0.553052 0.6900970000000002 0.034287 0.272422
0.0 0.513486 0.7234375000000002 0.043145 0.36875
6.0 0.536743 0.37837900000000013 0.002939 0.103828
