6.0 0.069048 0.3149800000000001 0.004053 0.095078
7.0 0.962158 0.6535930000000001 0.015527 0.418438
7.0 0.980337 0.37322200000000005 0.005615 0.147266
7.0 0.97439 0.3442780000000001 0.004619 0.151172
0.0 0.493779 0.7945120000000001 0.032285 0.259922
0.0 0.503027 0.6680665000000001 0.028711 0.190234
0.0 0.497861 0.48437500000000006 0.027773 0.24625
0.0 0.536924 0.5100385000000002 0.020039 0.10875
0.0 0.586694 0.5083990000000002 0.020264 0.110313
0.0 0.630708 0.484843 0.017158 0.116719
0.0 0.191372 0.363028 0.014014 0.097578
0.0 0.061392 0.33625000000000005 0.009014 0.085938
0.0 0.126968 0.38886700000000013 0.0221 0.133594
6.0 0.054614 0.3085930000000001 0.003936 0.097969
7.0 0.251494 0.3205465000000001 0.005 0.068438
7.0 0.383169 0.24765550000000006 0.005732 0.082031
6.0 0.516777 0.4772845 0.00498 0.111641
6.0 0.523755 0.467149 0.005283 0.108594
