0.0 0.340503 0.746992 0.05249 0.337344
0.0 0.46415 0.4316410000000001 0.011719 0.0825
6.0 0.417993 0.46796800000000005 0.005322 0.137344
6.0 0.411118 0.4720705000000001 0.004092 0.128125
6.0 0.083423 0.4171675000000001 0.005518 0.182266
0.0 0.008184 0.4532035 0.012676 0.155156
0.0 0.501807 0.5556835000000001 0.015371 0.169453
6.0 0.187178 0.5379295000000002 0.006152 0.215
0.0 0.044824 0.381484 0.013125 0.120937
6.0 0.180933 0.509746 0.005908 0.214297
6.0 0.938608 0.42970750000000013 0.005498 0.193359
