6.0 0.964868 0.34474600000000005 0.006357 0.171016
0.0 0.157275 0.8309575000000001 0.07002 0.225391
0.0 0.310889 0.8986329999999999 0.112207 0.135156
0.0 0.484204 0.4759960000000001 0.020361 0.281953
0.0 0.01042 0.5465425 0.020723 0.303203
6.0 0.082031 0.3988285 0.004238 0.145469
7.0 0.116572 0.4915825 0.008164 0.201328
4.0 0.116709 0.5981050000000001 0.010781 0.129766
0.0 0.145933 0.3020305000000001 0.012236 0.05375
0.0 0.012866 0.2661715000000001 0.005518 0.056719
0.0 0.11354 0.314746 0.011006 0.051953
0.0 0.027241 0.3345505 0.00792 0.071328
2.0 0.557524 0.4553125 0.064932 0.721719
0.0 0.509863 0.5321875 0.014844 0.181875
