0.0 0.086572 0.40205050000000003 0.01123 0.070703
7.0 0.282124 0.6490240000000002 0.010381 0.35125
4.0 0.282129 0.7995504999999999 0.021426 0.196328
6.0 0.449087 0.467149 0.004111 0.131719
6.0 0.475239 0.40556650000000005 0.003467 0.093984
6.0 0.471675 0.4132420000000001 0.003662 0.09875
6.0 0.467061 0.4250785000000001 0.003867 0.115
6.0 0.539043 0.41546950000000005 0.004395 0.144375
6.0 0.535771 0.40627000000000013 0.003086 0.129141
6.0 0.530415 0.4024615 0.003877 0.124219
0.0 0.983296 0.5265040000000002 0.021045 0.214141
4.0 0.857666 0.49591750000000007 0.00918 0.154453
0.0 0.017178 0.7007620000000001 0.034355 0.398984
0.0 0.012925 0.35470750000000006 0.014287 0.090547
6.0 0.138579 0.5912500000000002 0.00708 0.292187
0.0 0.028389 0.476347 0.018047 0.190859
0.0 0.508906 0.7524414999999999 0.03709 0.330078
0.0 0.520986 0.426778 0.010117 0.082578
0.0 0.506113 0.4644535000000001 0.015352 0.117031
4.0 0.912612 0.424375 0.012725 0.138594
4.0 0.904961 0.4331635000000001 0.011387 0.119375
4.0 0.888867 0.4533205 0.014395 0.147187
