0.0 0.986016 0.22896550000000002 0.005938 0.056484
0.0 0.994854 0.2822845 0.005254 0.079141
6.0 0.959072 0.2627155 0.002598 0.111328
6.0 0.962012 0.2631250000000001 0.002578 0.11
0.0 0.509688 0.376972 0.006797 0.079453
7.0 0.411123 0.3323830000000001 0.00375 0.05875
7.0 0.340483 0.3159760000000001 0.005557 0.109531
6.0 0.53062 0.38212900000000005 0.003525 0.081641
6.0 0.281851 0.6728125 0.010928 0.407656
6.0 0.750933 0.7561915000000001 0.0129 0.324453
6.0 0.659326 0.6410545000000001 0.011426 0.442656
6.0 0.714341 0.711133 0.012334 0.385156
6.0 0.76061 0.6776755 0.009893 0.426484
0.0 0.381108 0.35394550000000014 0.014814 0.077187
6.0 0.373965 0.45988300000000004 0.005371 0.191719
7.0 0.446211 0.421855 0.008848 0.110078
6.0 0.319546 0.30261700000000014 0.004131 0.097969
0.0 0.554023 0.6970705 0.035156 0.275781
0.0 0.513486 0.7234375000000002 0.043145 0.36875
6.0 0.536743 0.37837900000000013 0.002939 0.103828
