0.0 0.985205 0.22363300000000005 0.005801 0.05375
0.0 0.992817 0.26377 0.006436 0.076172
6.0 0.958774 0.2631250000000001 0.002588 0.1125
6.0 0.96168 0.2641210000000001 0.002578 0.111484
0.0 0.50834 0.3750385 0.006367 0.074375
7.0 0.405405 0.3295705 0.004014 0.05875
7.0 0.326338 0.30261700000000014 0.00748 0.112656
6.0 0.530044 0.38248 0.003525 0.081641
6.0 0.291636 0.669649 0.010928 0.403438
6.0 0.766421 0.7528510000000002 0.012979 0.324219
6.0 0.669692 0.6511915 0.011436 0.439453
6.0 0.726787 0.7118365000000001 0.012324 0.384219
6.0 0.774658 0.6733405000000001 0.009902 0.431328
0.0 0.381021 0.3548245000000001 0.014814 0.077109
6.0 0.378271 0.46439500000000006 0.005371 0.191641
7.0 0.446211 0.421855 0.008848 0.110078
6.0 0.318013 0.300742 0.004131 0.097969
0.0 0.550151 0.6691210000000002 0.03167 0.262266
0.0 0.513486 0.7234375000000002 0.043145 0.36875
6.0 0.536743 0.37837900000000013 0.002939 0.103828
