0.0 0.523208 0.5848045000000002 0.023525 0.196719
7.0 0.468735 0.470254 0.004189 0.132891
4.0 0.468589 0.536641 0.003467 0.086875
0.0 0.016265 0.6719335000000001 0.032529 0.437422
2.0 0.05562 0.3224215000000001 0.01751 0.167969
0.0 0.055708 0.5934175 0.024014 0.253359
0.0 0.088452 0.7456450000000001 0.063447 0.339141
6.0 0.201338 0.3912700000000001 0.003496 0.092578
0.0 0.275088 0.8863285 0.097637 0.151563
0.0 0.416841 0.6804295000000001 0.078818 0.426094
0.0 0.505024 0.7456450000000001 0.034268 0.339141
7.0 0.569053 0.5379880000000001 0.006875 0.275703
4.0 0.570122 0.6387115 0.01624 0.139844
7.0 0.553687 0.525097 0.007432 0.244141
6.0 0.707686 0.42127 0.00291 0.096328
