7.0 0.245 0.4841995 0.004062 0.078359
0.0 0.381421 0.40210900000000005 0.018506 0.117344
0.0 0.500566 0.3075385000000001 0.017715 0.109219
0.0 0.380967 0.3853510000000001 0.026387 0.189844
0.0 0.433218 0.3649615 0.017158 0.097031
0.0 0.485757 0.2836915 0.018193 0.128203
0.0 0.465732 0.31410100000000013 0.014043 0.094531
0.0 0.521792 0.2658205 0.013252 0.075
6.0 0.304526 0.7647460000000001 0.004521 0.285703
0.0 0.501401 0.7954494999999999 0.058857 0.272734
0.0 0.480674 0.633262 0.025039 0.265234
0.0 0.016719 0.7007620000000001 0.033438 0.398984
6.0 0.219517 0.47734450000000006 0.002217 0.065781
0.0 0.988726 0.7003510000000001 0.022549 0.399531
