0.0 0.435903 0.34814500000000004 0.017354 0.113672
0.0 0.515024 0.31890550000000006 0.015928 0.115937
0.0 0.390029 0.41857450000000007 0.021387 0.127422
0.0 0.37123 0.40609300000000004 0.01416 0.089219
0.0 0.477622 0.3155080000000001 0.016377 0.090781
6.0 0.279956 0.7535544999999999 0.0079 0.29375
0.0 0.501401 0.7954494999999999 0.058857 0.272734
0.0 0.480674 0.633262 0.025039 0.265234
0.0 0.342075 0.42800800000000006 0.011475 0.07875
0.0 0.016753 0.7007620000000001 0.033506 0.398984
6.0 0.222329 0.4795120000000001 0.002217 0.071953
6.0 0.230356 0.4835545000000001 0.001963 0.069531
0.0 0.379946 0.3991795000000001 0.016494 0.120313
6.0 0.111226 0.3309760000000001 0.002354 0.064844
0.0 0.988726 0.7003510000000001 0.022549 0.399531
