6.0 0.06519 0.4148245 0.007861 0.210234
6.0 0.090747 0.48835900000000004 0.008057 0.319687
6.0 0.932124 0.5045905 0.015947 0.456016
6.0 0.792954 0.5692780000000002 0.017021 0.574297
6.0 0.5127 0.4101955000000001 0.005498 0.136562
6.0 0.101411 0.5678125000000002 0.009385 0.291875
6.0 0.125552 0.593593 0.00583 0.30875
6.0 0.123232 0.5925385000000001 0.007539 0.342969
6.0 0.113696 0.553399 0.007939 0.3025
6.0 0.137783 0.589492 0.009746 0.323125
6.0 0.149458 0.6679495000000001 0.008486 0.307266
6.0 0.163555 0.686347 0.012617 0.315078
6.0 0.193169 0.692149 0.012549 0.410469
6.0 0.177466 0.6594535000000001 0.010947 0.440781
6.0 0.20751 0.7037500000000001 0.010352 0.395
6.0 0.230918 0.6609175 0.009551 0.410859
6.0 0.250918 0.7215625 0.014648 0.37125
6.0 0.267495 0.753262 0.01167 0.319609
6.0 0.289937 0.7676755 0.011377 0.285703
6.0 0.284683 0.7233790000000001 0.010557 0.343984
6.0 0.315952 0.7581249999999999 0.010615 0.306094
6.0 0.330757 0.7565424999999999 0.007627 0.324609
6.0 0.348354 0.68125 0.005361 0.329688
6.0 0.813931 0.5118550000000001 0.021221 0.648828
6.0 0.797939 0.478222 0.018184 0.695703
6.0 0.771841 0.4931050000000001 0.024697 0.675859
6.0 0.73812 0.6420505000000001 0.023623 0.477266
6.0 0.688726 0.5723245000000001 0.022529 0.570234
6.0 0.648472 0.5880865000000001 0.026045 0.549219
6.0 0.608301 0.665371 0.020605 0.439922
6.0 0.631689 0.5897260000000001 0.021973 0.538438
6.0 0.592666 0.6753325000000001 0.014551 0.392266
6.0 0.581396 0.6636130000000001 0.013027 0.441797
6.0 0.559829 0.5725 0.009404 0.436875
6.0 0.548975 0.568633 0.009687 0.419219
6.0 0.35373 0.6564070000000001 0.008379 0.409688
6.0 0.364893 0.6956635 0.008691 0.379531
6.0 0.965664 0.3439840000000001 0.00502 0.168437
