0.0 0.688223 0.6316795000000002 0.02707 0.205156
7.0 0.134863 0.6279295 0.016602 0.494531
4.0 0.134858 0.816016 0.026533 0.245313
6.0 0.726426 0.6988870000000001 0.013027 0.399922
6.0 0.71543 0.7165825 0.010391 0.377891
6.0 0.769399 0.46544950000000007 0.004814 0.151797
0.0 0.01022 0.6371290000000002 0.020283 0.466172
2.0 0.032715 0.24127000000000004 0.010156 0.088203
0.0 0.03105 0.4193365 0.014404 0.142656
6.0 0.1696 0.2974030000000001 0.00291 0.072578
0.0 0.038696 0.5718550000000001 0.015967 0.264609
0.0 0.070269 0.6234175000000001 0.065713 0.497422
0.0 0.586782 0.7789839999999999 0.056865 0.294687
7.0 0.714429 0.6438670000000001 0.015967 0.474844
4.0 0.710781 0.9431634999999999 0.020801 0.074219
7.0 0.65813 0.6998830000000001 0.017686 0.396875
6.0 0.771519 0.45947200000000005 0.004033 0.162891
