6.0 0.078965 0.35464900000000005 0.004492 0.097812
0.0 0.493633 0.798028 0.035234 0.264141
0.0 0.503027 0.6680665000000001 0.028711 0.190234
0.0 0.557964 0.456367 0.025654 0.174375
0.0 0.591367 0.5037115000000001 0.019746 0.107656
0.0 0.617373 0.485137 0.018828 0.099609
0.0 0.640449 0.4816795 0.015879 0.102031
0.0 0.046372 0.3803125000000001 0.00917 0.065156
0.0 0.061392 0.33625000000000005 0.009014 0.085938
0.0 0.126968 0.38886700000000013 0.0221 0.133594
7.0 0.028062 0.39982450000000014 0.008506 0.126953
6.0 0.070444 0.380605 0.005654 0.127266
7.0 0.309956 0.2974030000000001 0.006221 0.093672
7.0 0.431611 0.4177540000000001 0.006621 0.138828
6.0 0.492222 0.4553125 0.004971 0.108125
6.0 0.49811 0.4570705000000001 0.004111 0.102031
