0.0 0.990698 0.25451200000000007 0.007158 0.082266
6.0 0.960029 0.26148400000000005 0.002598 0.107188
6.0 0.963086 0.25990300000000005 0.002578 0.105078
0.0 0.514165 0.38341750000000013 0.008994 0.095859
7.0 0.430771 0.3418750000000001 0.004551 0.05875
7.0 0.389741 0.359512 0.005869 0.099297
6.0 0.532808 0.38165950000000004 0.003525 0.081641
6.0 0.249331 0.6622075000000001 0.011553 0.410234
6.0 0.704126 0.7481635000000001 0.011982 0.328125
6.0 0.637866 0.6444535000000001 0.010654 0.412656
6.0 0.678062 0.7088470000000001 0.012334 0.388203
6.0 0.714956 0.6916795 0.009893 0.411094
0.0 0.381411 0.3508990000000001 0.014814 0.077187
6.0 0.35998 0.4451755000000001 0.005371 0.191641
7.0 0.446719 0.4311130000000001 0.008848 0.110078
6.0 0.325874 0.31621150000000003 0.004131 0.097969
0.0 0.009956 0.369004 0.014561 0.174141
0.0 0.584116 0.7936330000000001 0.066533 0.248281
0.0 0.513486 0.7234375000000002 0.043145 0.36875
6.0 0.536416 0.37908250000000004 0.002949 0.103828
