0.0 0.478516 0.3017965 0.015762 0.102344
0.0 0.412153 0.4356835000000001 0.023018 0.128047
0.0 0.523188 0.2576755000000001 0.010986 0.068984
6.0 0.267612 0.7304680000000001 0.006904 0.289844
0.0 0.501401 0.7954494999999999 0.058857 0.272734
0.0 0.480674 0.633262 0.025039 0.265234
0.0 0.33103 0.42302800000000007 0.013193 0.068984
0.0 0.39437 0.3996490000000001 0.014404 0.099531
0.0 0.016782 0.7007620000000001 0.033564 0.398984
6.0 0.22521 0.4814455000000001 0.002217 0.076563
6.0 0.233716 0.4844920000000001 0.001963 0.069531
0.0 0.438423 0.33396550000000014 0.01665 0.118203
6.0 0.114331 0.3303910000000001 0.002354 0.064844
0.0 0.988726 0.7003510000000001 0.022549 0.399531
