0.0 0.984395 0.21818350000000006 0.005645 0.051016
0.0 0.990947 0.2515240000000001 0.006973 0.071094
6.0 0.958481 0.26347600000000004 0.002588 0.11375
6.0 0.961357 0.2651755000000001 0.002578 0.113047
0.0 0.507002 0.37316350000000004 0.005938 0.069219
7.0 0.399683 0.32669950000000003 0.004287 0.058828
7.0 0.313242 0.29915950000000013 0.00748 0.112734
6.0 0.529468 0.38283250000000013 0.003525 0.081641
6.0 0.301421 0.6665425000000001 0.010928 0.399297
6.0 0.782271 0.7474615 0.012979 0.324219
6.0 0.680059 0.6612115000000001 0.011426 0.43625
6.0 0.739233 0.7125385000000002 0.012334 0.383281
6.0 0.788706 0.6690625000000001 0.009893 0.436094
0.0 0.380923 0.35570350000000006 0.014814 0.077187
6.0 0.382578 0.4689070000000001 0.005371 0.191719
7.0 0.446211 0.421855 0.008848 0.110078
6.0 0.316479 0.29886700000000005 0.004131 0.097969
0.0 0.546284 0.6411130000000002 0.028174 0.248672
0.0 0.513486 0.7234375000000002 0.043145 0.36875
6.0 0.536743 0.37837900000000013 0.002939 0.103828
