6.0 0.239521 0.701113 0.013047 0.396797
6.0 0.314238 0.7636330000000001 0.011445 0.315156
6.0 0.323135 0.7745905 0.011152 0.296328
6.0 0.36168 0.7385545 0.012793 0.310781
7.0 0.112495 0.4650970000000001 0.007021 0.185391
4.0 0.856533 0.3064255000000001 0.011875 0.229453
4.0 0.829116 0.2551555000000001 0.009893 0.240469
6.0 0.943857 0.5562700000000002 0.013164 0.549297
7.0 0.105923 0.46709050000000013 0.005732 0.191484
6.0 0.538799 0.6115240000000001 0.011191 0.402344
6.0 0.547158 0.49457050000000014 0.008027 0.178594
4.0 0.109399 0.5149030000000001 0.015381 0.099453
