0.0 0.506426 0.5323045000000001 0.013047 0.150156
0.0 0.008242 0.49375 0.016484 0.268906
0.0 0.041875 0.5674615000000001 0.028359 0.290781
0.0 0.2525 0.541621 0.012715 0.137734
0.0 0.310708 0.661153 0.024912 0.187578
0.0 0.28416 0.4636915 0.012129 0.118359
0.0 0.27667 0.3470905 0.012305 0.068828
0.0 0.387754 0.8712700000000001 0.068008 0.159453
0.0 0.483228 0.5397460000000001 0.01335 0.153984
0.0 0.320337 0.532012 0.028486 0.207109
0.0 0.663022 0.3850585 0.014814 0.128984
0.0 0.700664 0.462754 0.014648 0.208984
