7.0 0.016157 0.35013700000000003 0.006357 0.146953
6.0 0.077842 0.35078050000000005 0.004141 0.095625
0.0 0.493652 0.7965625 0.034922 0.265156
0.0 0.503027 0.6680665000000001 0.028711 0.190234
0.0 0.558052 0.4605865000000001 0.025869 0.174375
0.0 0.591431 0.5064055000000001 0.019639 0.109688
0.0 0.617485 0.4851955 0.019053 0.10125
0.0 0.640483 0.4816795 0.015947 0.102031
0.0 0.04896 0.3803710000000001 0.010615 0.075547
0.0 0.061392 0.33625000000000005 0.009014 0.085938
0.0 0.126968 0.38886700000000013 0.0221 0.133594
7.0 0.026118 0.3987115000000001 0.008506 0.126875
6.0 0.07104 0.359512 0.005654 0.127266
7.0 0.304658 0.29957050000000013 0.006211 0.083281
7.0 0.42478 0.3987700000000001 0.006494 0.125703
6.0 0.494814 0.460234 0.00498 0.108125
6.0 0.499941 0.4570705000000001 0.004102 0.102031
