6.0 0.185029 0.5738470000000001 0.012168 0.457266
6.0 0.251948 0.6653125000000001 0.00958 0.425937
6.0 0.267407 0.6416410000000001 0.013857 0.477812
6.0 0.294336 0.6697660000000001 0.01002 0.395
6.0 0.601943 0.6179095 0.019473 0.509453
6.0 0.581123 0.47212900000000013 0.010918 0.267578
6.0 0.279658 0.6577540000000001 0.009551 0.456328
6.0 0.308091 0.6547660000000001 0.008271 0.365156
6.0 0.307676 0.6790240000000002 0.010371 0.427969
6.0 0.322158 0.6745120000000001 0.009336 0.381484
6.0 0.336685 0.6644335000000001 0.011123 0.424297
6.0 0.343682 0.6612115000000001 0.011387 0.389219
6.0 0.353945 0.6753325000000001 0.00998 0.293047
6.0 0.371147 0.6639055 0.013369 0.293437
6.0 0.383716 0.6033205 0.007412 0.369062
6.0 0.389595 0.606778 0.008701 0.324609
6.0 0.395522 0.590605 0.009229 0.342266
6.0 0.405229 0.537637 0.007002 0.253828
6.0 0.420132 0.555625 0.00751 0.248906
6.0 0.415698 0.5321875 0.008486 0.203437
6.0 0.425347 0.52873 0.008994 0.230547
6.0 0.433384 0.5195905000000001 0.007197 0.210859
6.0 0.551479 0.5343550000000001 0.009404 0.379141
6.0 0.553398 0.5014255000000001 0.008887 0.343047
6.0 0.924023 0.5445505 0.011719 0.379766
