7.0 0.463628 0.417403 0.004131 0.078359
4.0 0.463828 0.46199200000000007 0.003516 0.046719
4.0 0.605005 0.4931050000000001 0.016729 0.120234
0.0 0.0452 0.6871675 0.042334 0.417109
0.0 0.113774 0.5654095000000001 0.024893 0.164297
0.0 0.155698 0.46339900000000006 0.022178 0.140469
6.0 0.408755 0.5258005000000001 0.005049 0.192422
0.0 0.342319 0.8587299999999999 0.097197 0.188359
0.0 0.492583 0.6572845 0.024814 0.291328
0.0 0.506719 0.4296490000000001 0.010117 0.082656
0.0 0.493682 0.40058650000000007 0.009453 0.0675
6.0 0.933384 0.35669950000000006 0.005713 0.107109
6.0 0.928833 0.37568350000000006 0.005889 0.217422
4.0 0.688599 0.5629495 0.014541 0.221641
4.0 0.666636 0.5636530000000001 0.022451 0.170234
4.0 0.635815 0.5449615 0.013916 0.164062
