0.0 0.089526 0.4022260000000001 0.010791 0.070312
7.0 0.307563 0.6392965 0.010381 0.342344
4.0 0.308379 0.7791009999999999 0.021055 0.205469
6.0 0.451572 0.46287100000000003 0.004082 0.128828
0.0 0.986548 0.5039455000000002 0.019424 0.203906
4.0 0.850532 0.5047075000000001 0.009248 0.164609
0.0 0.016899 0.699238 0.033799 0.401016
0.0 0.016187 0.35529250000000007 0.014736 0.088672
6.0 0.146182 0.6016210000000001 0.007266 0.299766
0.0 0.029478 0.4894720000000001 0.019385 0.205078
0.0 0.508882 0.7500385 0.036221 0.333281
0.0 0.520986 0.4251370000000001 0.010117 0.082578
0.0 0.50644 0.4598245 0.014971 0.113828
4.0 0.910352 0.42695350000000004 0.01293 0.141875
4.0 0.902017 0.44125 0.012002 0.125781
4.0 0.884687 0.4610545000000001 0.014648 0.149062
