7.0 0.235396 0.47681650000000003 0.002861 0.072891
0.0 0.348691 0.4161715000000001 0.015117 0.087344
0.0 0.453931 0.320605 0.02667 0.188984
0.0 0.403823 0.3896875000000001 0.017256 0.097813
0.0 0.41085 0.36859450000000005 0.014043 0.094531
0.0 0.482173 0.3143365000000001 0.015947 0.089844
6.0 0.32563 0.7595320000000001 0.008311 0.288125
0.0 0.501401 0.7954494999999999 0.058857 0.272734
0.0 0.480674 0.633262 0.025039 0.265234
0.0 0.016699 0.7007620000000001 0.033398 0.398984
6.0 0.217632 0.47582050000000004 0.002217 0.061719
0.0 0.988726 0.7003510000000001 0.022549 0.399531
