0.0 0.169409 0.45853450000000007 0.01792 0.089922
0.0 0.184375 0.44324200000000014 0.019277 0.096562
6.0 0.285234 0.49486300000000005 0.005703 0.152422
6.0 0.346309 0.414472 0.007227 0.158047
6.0 0.353716 0.39712900000000007 0.006182 0.151016
6.0 0.441279 0.53002 0.004082 0.099609
6.0 0.452876 0.5055865 0.004307 0.106563
6.0 0.039082 0.4478125 0.005762 0.185156
6.0 0.033384 0.435859 0.005908 0.20375
6.0 0.028306 0.45437500000000003 0.006865 0.15625
6.0 0.077373 0.47488300000000006 0.007051 0.229844
