0.0 0.466909 0.5521090000000001 0.026787 0.216875
0.0 0.007969 0.24015550000000005 0.006328 0.052187
0.0 0.507046 0.5211715 0.023643 0.209531
0.0 0.507275 0.7574215000000002 0.042637 0.31125
0.0 0.399355 0.4032805000000001 0.01543 0.094688
2.0 0.016313 0.18917950000000003 0.009834 0.109844
0.0 0.015615 0.27636700000000003 0.010937 0.118437
1.0 0.075659 0.25000000000000006 0.107275 1.0
0.0 0.014907 0.686347 0.029814 0.414609
6.0 0.506396 0.3048445000000001 0.003242 0.086562
6.0 0.510513 0.3054880000000001 0.003623 0.085547
