7.0 0.008618 0.3683590000000001 0.006357 0.17875
6.0 0.073306 0.34773400000000004 0.004053 0.095156
0.0 0.493691 0.7927540000000002 0.034121 0.267891
0.0 0.503027 0.6680665000000001 0.028711 0.190234
0.0 0.550942 0.4645705000000001 0.026904 0.183438
0.0 0.59021 0.5011915 0.019365 0.114766
0.0 0.617759 0.48507850000000013 0.0196 0.105313
0.0 0.640571 0.4816795 0.016123 0.102031
0.0 0.06103 0.38212900000000005 0.017861 0.127422
0.0 0.061392 0.33625000000000005 0.009014 0.085938
0.0 0.126968 0.38886700000000013 0.0221 0.133594
7.0 0.018364 0.4291795000000001 0.008506 0.136094
6.0 0.066362 0.3420505 0.005654 0.127266
7.0 0.292422 0.31351600000000013 0.005 0.068437
7.0 0.41103 0.34667950000000003 0.006494 0.107031
6.0 0.499141 0.457363 0.00498 0.108516
6.0 0.504766 0.4575970000000001 0.004277 0.103047
