6.0 0.34606 0.7029295000000001 0.01042 0.396094
6.0 0.37793 0.7216795 0.014844 0.300781
6.0 0.382686 0.7045120000000001 0.01334 0.293047
6.0 0.403423 0.6320905000000001 0.011006 0.248203
7.0 0.140259 0.49931650000000005 0.007725 0.239922
5.0 0.803965 0.31621150000000003 0.013086 0.244531
0.0 0.758477 0.11189500000000005 0.012559 0.147422
4.0 0.785425 0.3603325000000001 0.00874 0.268984
4.0 0.745464 0.291133 0.008271 0.260937
6.0 0.881572 0.523633 0.019238 0.635156
7.0 0.131885 0.5059375000000002 0.008691 0.245469
6.0 0.523145 0.5307820000000001 0.008164 0.25875
6.0 0.533726 0.48935500000000004 0.007783 0.148828
4.0 0.136084 0.5673430000000002 0.019277 0.133594
