6.0 0.433018 0.5907220000000001 0.007402 0.234766
6.0 0.441001 0.5095705 0.006143 0.1775
7.0 0.237896 0.6131635000000001 0.008955 0.315469
5.0 0.670928 0.3504295000000001 0.007598 0.214688
5.0 0.664995 0.368008 0.006748 0.214531
0.0 0.689536 0.1605865 0.014951 0.159531
4.0 0.636523 0.3582820000000001 0.01334 0.219063
4.0 0.617148 0.3010930000000001 0.011563 0.187031
5.0 0.65561 0.29980450000000003 0.008311 0.199531
6.0 0.589639 0.5979295 0.017871 0.532344
7.0 0.228999 0.6159175 0.007822 0.335078
6.0 0.510439 0.4383205 0.005176 0.127656
6.0 0.519512 0.41599600000000003 0.005293 0.124453
4.0 0.232183 0.7213285000000002 0.027256 0.22
