7.0 0.973979 0.394492 0.008311 0.346406
6.0 0.555527 0.5495905000000001 0.012168 0.413359
0.0 0.024663 0.4835545000000001 0.012979 0.140156
0.0 0.045459 0.6717580000000001 0.034473 0.298594
0.0 0.125679 0.3248830000000001 0.143369 0.900156
0.0 0.44189 0.6635545000000002 0.065537 0.448594
0.0 0.473682 0.571387 0.023281 0.250391
6.0 0.052402 0.3927340000000001 0.004707 0.171406
6.0 0.05854 0.4022260000000001 0.005576 0.155
6.0 0.042891 0.37164100000000005 0.003828 0.120781
6.0 0.039438 0.3694135000000001 0.004346 0.121875
