0.0 0.971738 0.41752000000000006 0.018789 0.233047
0.0 0.842812 0.7626370000000001 0.114375 0.316484
0.0 0.774893 0.7143550000000001 0.087324 0.380859
0.0 0.059624 0.6479695000000001 0.032705 0.281875
0.0 0.414136 0.806113 0.05751 0.255234
0.0 0.476724 0.4764655000000001 0.015166 0.127734
2.0 0.00627 0.175879 0.004766 0.052891
2.0 0.010928 0.18226600000000007 0.005078 0.078125
0.0 0.006201 0.22322200000000006 0.003477 0.032891
0.0 0.001934 0.2132035 0.003242 0.025938
0.0 0.012695 0.7203910000000001 0.025391 0.372812
0.0 0.991602 0.6988285000000001 0.016797 0.401563
0.0 0.011133 0.264238 0.005508 0.045703
0.0 0.516636 0.339532 0.006768 0.075937
0.0 0.50481 0.7508005 0.039795 0.332266
0.0 0.505825 0.4471675000000001 0.018643 0.104766
0.0 0.016509 0.3149800000000001 0.008408 0.079453
0.0 0.525483 0.4247845000000001 0.016396 0.198672
0.0 0.024766 0.38312500000000005 0.011914 0.127031
