6.0 0.938623 0.3400585 0.006563 0.203828
0.0 0.020054 0.7032820000000001 0.039717 0.395625
6.0 0.194355 0.6078910000000001 0.006914 0.277656
7.0 0.147363 0.563476 0.005234 0.252813
0.0 0.180718 0.31925800000000004 0.01251 0.072031
4.0 0.145737 0.6842965000000001 0.012842 0.175156
0.0 0.074746 0.3690625 0.012422 0.066094
0.0 0.08519 0.37773400000000007 0.014971 0.074063
0.0 0.024028 0.4096675000000001 0.012607 0.119453
0.0 0.0604 0.39408250000000006 0.01082 0.077891
0.0 0.421499 0.7717180000000001 0.043525 0.293906
2.0 0.724736 0.23986300000000005 0.357363 0.986484
0.0 0.505415 0.6596875 0.026885 0.260781
