0.0 0.985 0.2222845 0.005762 0.053047
0.0 0.992305 0.2590825000000001 0.006738 0.075391
6.0 0.958706 0.2631835000000001 0.002588 0.112891
6.0 0.961602 0.2644135 0.002578 0.111875
0.0 0.508008 0.37462900000000005 0.00625 0.073047
7.0 0.403975 0.32880850000000006 0.004082 0.058828
7.0 0.323062 0.301738 0.00749 0.112734
6.0 0.529902 0.38248 0.003535 0.081641
6.0 0.294082 0.6688870000000001 0.010937 0.402422
6.0 0.770386 0.7514454999999999 0.012979 0.324219
6.0 0.672285 0.653653 0.011426 0.438672
6.0 0.729897 0.712012 0.012334 0.383984
6.0 0.778174 0.6722845000000001 0.009902 0.432422
0.0 0.380996 0.3550585 0.014805 0.077109
6.0 0.379346 0.4655080000000001 0.005371 0.191719
7.0 0.446211 0.421855 0.008848 0.110078
6.0 0.317627 0.30027400000000004 0.004141 0.097969
0.0 0.549185 0.6620905000000001 0.030791 0.258828
0.0 0.513486 0.7234375000000002 0.043145 0.36875
6.0 0.536743 0.37837900000000013 0.002939 0.103828
