0.0 0.9846 0.2195305 0.005684 0.051719
0.0 0.991372 0.25298800000000005 0.007002 0.072891
6.0 0.95856 0.263359 0.002588 0.113438
6.0 0.961436 0.26488300000000004 0.002578 0.112656
0.0 0.507339 0.37363300000000005 0.006045 0.070469
7.0 0.401113 0.3274030000000001 0.004219 0.058828
7.0 0.316514 0.3000385000000001 0.00748 0.112656
6.0 0.529614 0.3827155000000001 0.003525 0.081641
6.0 0.298975 0.6673045000000001 0.010937 0.400313
6.0 0.778311 0.7487500000000001 0.012969 0.324219
6.0 0.677471 0.6586915 0.011426 0.437109
6.0 0.736128 0.7123630000000001 0.012334 0.383516
6.0 0.785195 0.6701170000000002 0.009902 0.434844
0.0 0.380947 0.3554680000000001 0.014805 0.077187
6.0 0.381504 0.4677925 0.005371 0.191641
7.0 0.446211 0.421855 0.008848 0.110078
6.0 0.31686 0.29933650000000006 0.004131 0.097969
0.0 0.547256 0.6480865000000001 0.029043 0.252031
0.0 0.513486 0.7234375000000002 0.043145 0.36875
6.0 0.536743 0.37837900000000013 0.002939 0.103828
