6.0 0.264673 0.7982035000000002 0.008994 0.176875
0.0 0.501401 0.7954494999999999 0.058857 0.272734
0.0 0.480674 0.633262 0.025039 0.265234
0.0 0.418369 0.3719335 0.017344 0.099297
0.0 0.480117 0.3143950000000001 0.01377 0.088359
0.0 0.015908 0.7007620000000001 0.031816 0.398984
6.0 0.230415 0.48238300000000006 0.00249 0.076562
6.0 0.240083 0.484141 0.001963 0.069531
0.0 0.514878 0.2553325 0.014619 0.096484
6.0 0.116089 0.3303910000000001 0.002354 0.064844
0.0 0.988726 0.7003510000000001 0.022549 0.399531
