7.0 0.077041 0.3827740000000001 0.006523 0.180781
1.0 0.609829 0.3747460000000001 0.021826 0.134141
0.0 0.536499 0.3852340000000001 0.010361 0.065469
0.0 0.987021 0.3279295000000001 0.023066 0.186719
0.0 0.161357 0.7108990000000002 0.108301 0.385469
0.0 0.400776 0.6892195000000001 0.038955 0.368125
0.0 0.422827 0.4720120000000001 0.015322 0.130703
6.0 0.770679 0.6925585000000002 0.022803 0.409922
6.0 0.622935 0.4600585000000001 0.006924 0.231953
0.0 0.002803 0.3707620000000001 0.005605 0.153672
0.0 0.036206 0.4079095 0.017275 0.136641
0.0 0.920552 0.7064455000000002 0.0829 0.391406
6.0 0.956338 0.315157 0.006934 0.185469
0.0 0.95606 0.6917965 0.036514 0.410937
7.0 0.968091 0.47388700000000006 0.009502 0.258984
0.0 0.989316 0.4363285 0.021367 0.229375
0.0 0.444805 0.423847 0.01627 0.281797
0.0 0.457783 0.4276555000000001 0.013223 0.079375
0.0 0.456802 0.4169335 0.012021 0.076953
