0.0 0.451401 0.33127000000000006 0.016768 0.109609
0.0 0.483296 0.3643750000000001 0.024443 0.141562
0.0 0.352607 0.43439500000000003 0.017246 0.099141
0.0 0.38917 0.40415950000000006 0.014043 0.087734
0.0 0.494194 0.29447200000000007 0.014424 0.082891
6.0 0.275684 0.7459375 0.006523 0.293281
0.0 0.501401 0.7954494999999999 0.058857 0.272734
0.0 0.480674 0.633262 0.025039 0.265234
0.0 0.358628 0.4271875000000001 0.013037 0.096406
0.0 0.016763 0.7007620000000001 0.033525 0.398984
6.0 0.223276 0.48027400000000003 0.002217 0.074063
6.0 0.231343 0.484726 0.001963 0.069531
0.0 0.400269 0.3858205000000001 0.016533 0.119219
6.0 0.112368 0.3303910000000001 0.002354 0.064844
0.0 0.988726 0.7003510000000001 0.022549 0.399531
