7.0 0.252524 0.4880665000000001 0.004209 0.085859
0.0 0.401484 0.382012 0.017715 0.116328
0.0 0.463721 0.349609 0.020156 0.123438
0.0 0.343057 0.392383 0.023086 0.142188
0.0 0.449868 0.34644550000000013 0.016865 0.094688
0.0 0.501787 0.2648245 0.016016 0.117109
6.0 0.292241 0.7677925 0.005283 0.294609
0.0 0.501401 0.7954494999999999 0.058857 0.272734
0.0 0.480674 0.633262 0.025039 0.265234
0.0 0.016733 0.7007620000000001 0.033467 0.398984
6.0 0.220571 0.47816350000000013 0.002217 0.068125
6.0 0.228726 0.4805080000000001 0.001963 0.069531
0.0 0.988726 0.7003510000000001 0.022549 0.399531
