0.0 0.13041 0.305254 0.01791 0.089922
0.0 0.140005 0.2940625000000001 0.018428 0.095781
6.0 0.267207 0.4024615 0.005605 0.157344
6.0 0.311797 0.373516 0.005723 0.155313
6.0 0.317495 0.34580050000000007 0.006182 0.142109
6.0 0.38916 0.5139655000000002 0.004824 0.095703
6.0 0.399028 0.5078125000000001 0.004346 0.105156
6.0 0.983984 0.38611300000000004 0.006875 0.212266
6.0 0.977158 0.3774415 0.007949 0.256641
6.0 0.970176 0.40304650000000003 0.006934 0.224063
6.0 0.039487 0.4325785000000001 0.008135 0.339687
