0.0 0.060581 0.40726600000000013 0.016943 0.120156
0.0 0.370415 0.718105 0.047041 0.300859
0.0 0.454409 0.477754 0.018506 0.166484
0.0 0.476167 0.42748 0.007588 0.058984
0.0 0.391006 0.4220905000000001 0.015996 0.093984
6.0 0.377383 0.5464840000000002 0.006113 0.190937
6.0 0.368569 0.5309575000000002 0.004717 0.169297
0.0 0.34792 0.40585900000000014 0.018184 0.103437
0.0 0.376714 0.40960900000000006 0.018955 0.089688
0.0 0.00896 0.46298800000000007 0.01417 0.166328
0.0 0.505396 0.5577925000000001 0.015381 0.169453
6.0 0.114019 0.43410100000000007 0.005713 0.164219
0.0 0.028027 0.3125785 0.007031 0.065
6.0 0.101826 0.3924415 0.004687 0.123828
6.0 0.974004 0.3424615 0.003867 0.118437
