0.0 0.078896 0.383476 0.012402 0.073281
7.0 0.17439 0.5938285 0.006279 0.269687
4.0 0.171333 0.6990040000000002 0.008408 0.159609
6.0 0.437637 0.4975585000000001 0.004238 0.144297
6.0 0.472061 0.419863 0.003457 0.093984
6.0 0.464971 0.4421290000000001 0.003672 0.098828
6.0 0.462559 0.4600000000000001 0.003867 0.115
6.0 0.544888 0.4286530000000001 0.004385 0.144453
6.0 0.540449 0.43550800000000006 0.003867 0.143281
6.0 0.534502 0.4183405 0.003887 0.124141
0.0 0.948359 0.7141795000000001 0.050312 0.381094
4.0 0.871099 0.46790950000000003 0.011943 0.148984
0.0 0.018745 0.7095505 0.03749 0.387266
0.0 0.004624 0.3602740000000001 0.008877 0.102812
6.0 0.108853 0.5263285000000001 0.005771 0.22875
0.0 0.021587 0.409375 0.015674 0.124375
0.0 0.509082 0.7660345000000001 0.041992 0.311953
0.0 0.520986 0.436387 0.010117 0.082578
0.0 0.505298 0.4915240000000001 0.016514 0.126719
4.0 0.919351 0.4050385 0.011533 0.119531
4.0 0.913047 0.409903 0.010547 0.110703
4.0 0.898203 0.4247260000000001 0.01291 0.136875
