0.0 0.470088 0.4575970000000001 0.01127 0.105078
0.0 0.451494 0.4858990000000001 0.011387 0.113437
0.0 0.396138 0.6839455000000001 0.049111 0.325313
0.0 0.028779 0.3274615000000001 0.005156 0.052969
0.0 0.039277 0.3752740000000001 0.006797 0.076719
2.0 0.100913 0.40058650000000007 0.065166 0.396094
2.0 0.331079 0.4802155 0.175557 0.615703
0.0 0.385073 0.6406450000000001 0.049971 0.254609
0.0 0.125732 0.7413670000000001 0.04873 0.337031
0.0 0.053457 0.3937300000000001 0.012617 0.137734
6.0 0.167251 0.5413870000000002 0.00585 0.247109
6.0 0.587979 0.45619150000000014 0.005898 0.181328
0.0 0.007075 0.4851955 0.01415 0.199687
0.0 0.50606 0.5630080000000001 0.016553 0.150312
