6.0 0.551211 0.40415950000000006 0.005391 0.161328
0.0 0.530469 0.6852925000000001 0.042969 0.341484
7.0 0.078315 0.5675785000000001 0.01542 0.375
0.0 0.260156 0.44042950000000003 0.025938 0.133594
6.0 0.010503 0.4950385000000001 0.007197 0.332969
6.0 0.017144 0.5007820000000001 0.007373 0.33
6.0 0.044116 0.4318165 0.008408 0.285703
6.0 0.079834 0.47640550000000004 0.009707 0.365781
0.0 0.293311 0.36859450000000005 0.019258 0.088281
0.0 0.290332 0.4004095 0.018125 0.102578
0.0 0.277002 0.408496 0.023301 0.141172
