0.0 0.984927 0.31287100000000007 0.011787 0.121328
0.0 0.466514 0.5565625000000001 0.020781 0.184219
0.0 0.486904 0.4056835000000001 0.007383 0.067109
2.0 0.013916 0.18455050000000006 0.006602 0.091797
2.0 0.022412 0.21531250000000002 0.010859 0.135781
0.0 0.014092 0.28931650000000003 0.006621 0.066484
0.0 0.00811 0.24841750000000007 0.005615 0.034922
0.0 0.009229 0.6431050000000001 0.018457 0.321172
0.0 0.993994 0.5879095 0.012012 0.312109
0.0 0.026641 0.42050800000000005 0.015859 0.122656
0.0 0.561084 0.6973630000000001 0.04541 0.403516
0.0 0.50481 0.7508005 0.039795 0.332266
0.0 0.505825 0.4471675000000001 0.018643 0.104766
0.0 0.066929 0.7046875 0.047842 0.334375
7.0 0.585356 0.2597260000000001 0.003662 0.087031
0.0 0.96019 0.5324215000000001 0.036318 0.396406
0.0 0.514858 0.30941350000000006 0.005049 0.055156
0.0 0.520581 0.3709375 0.009229 0.135625
0.0 0.349487 0.8893750000000001 0.072236 0.1475
