7.0 0.068716 0.361504 0.006533 0.176953
0.0 0.980698 0.2531050000000001 0.022178 0.226172
0.0 0.429292 0.7094920000000001 0.024346 0.235781
0.0 0.441016 0.5597260000000001 0.018184 0.145937
6.0 0.573745 0.6838870000000001 0.019404 0.421484
6.0 0.596279 0.4305280000000001 0.00666 0.221484
0.0 0.004839 0.3339055000000001 0.009678 0.15375
0.0 0.2071 0.8324214999999999 0.099023 0.223437
0.0 0.808955 0.7064455000000002 0.142715 0.391406
6.0 0.93585 0.260371 0.008555 0.288516
0.0 0.923413 0.6337300000000001 0.076631 0.487734
7.0 0.952754 0.470722 0.014453 0.402422
0.0 0.987988 0.3944335 0.024023 0.290391
0.0 0.457603 0.4626955 0.015068 0.189063
0.0 0.467944 0.482149 0.013232 0.079375
0.0 0.47125 0.4530280000000001 0.012031 0.076953
