6.0 0.06981 0.3323830000000001 0.004053 0.095156
0.0 0.49373 0.7885945 0.033242 0.270781
0.0 0.503027 0.6680665000000001 0.028711 0.190234
0.0 0.542441 0.46738300000000005 0.028066 0.193438
0.0 0.583257 0.500722 0.019053 0.120391
0.0 0.618062 0.48507850000000013 0.020205 0.109844
0.0 0.640659 0.4810345000000001 0.016357 0.104297
0.0 0.092261 0.4067965000000001 0.020146 0.130312
0.0 0.061392 0.33625000000000005 0.009014 0.085938
0.0 0.126968 0.38886700000000013 0.0221 0.133594
7.0 0.010259 0.4493365 0.008506 0.204844
6.0 0.061504 0.3291595 0.005488 0.124453
7.0 0.27916 0.31785100000000005 0.005 0.068438
7.0 0.39939 0.3090040000000001 0.006475 0.106172
6.0 0.504116 0.46292950000000005 0.004971 0.109375
6.0 0.510713 0.459355 0.004941 0.106641
