6.0 0.639551 0.40855450000000004 0.004551 0.14375
7.0 0.359956 0.7318750000000002 0.012822 0.347187
0.0 0.430703 0.5660545 0.020703 0.110469
7.0 0.214331 0.559903 0.012139 0.330859
6.0 0.226245 0.5187700000000001 0.00585 0.224766
6.0 0.231528 0.6610930000000002 0.008994 0.390156
6.0 0.238975 0.6677740000000001 0.007695 0.371563
6.0 0.25333 0.6452155 0.00918 0.350547
6.0 0.347769 0.687226 0.009717 0.390469
0.0 0.445293 0.4962115 0.018184 0.089844
0.0 0.443721 0.5145505000000001 0.018125 0.072109
0.0 0.43752 0.5311330000000001 0.021875 0.119844
