6.0 0.411807 0.704101 0.015449 0.375938
7.0 0.597466 0.36068350000000005 0.009053 0.189609
6.0 0.584268 0.5311330000000001 0.011289 0.330313
0.0 0.004976 0.42127 0.009951 0.211953
0.0 0.005996 0.3957805000000001 0.010996 0.132969
0.0 0.449688 0.5796490000000001 0.024297 0.265781
0.0 0.857485 0.6913285000000001 0.135615 0.411563
6.0 0.8704 0.48091750000000005 0.014805 0.542734
0.0 0.959717 0.5396875000000001 0.037578 0.342188
7.0 0.979966 0.3494335000000001 0.007979 0.168359
0.0 0.994629 0.3854695 0.010742 0.244375
0.0 0.458853 0.38242150000000014 0.015068 0.163906
0.0 0.484575 0.391972 0.013232 0.079297
0.0 0.473618 0.4058005000000001 0.012021 0.076953
