0.0 0.9823 0.336016 0.013838 0.1475
0.0 0.974722 0.2822845 0.009795 0.082891
0.0 0.453394 0.6592195000000001 0.0296 0.260469
0.0 0.484238 0.435859 0.009355 0.085625
2.0 0.012485 0.1833205 0.006396 0.085
2.0 0.019033 0.20195350000000006 0.008652 0.116719
0.0 0.011724 0.2631250000000001 0.005303 0.054375
0.0 0.00708 0.23880850000000003 0.005156 0.032422
0.0 0.010029 0.68623 0.020059 0.366797
0.0 0.993311 0.6196090000000001 0.013379 0.337656
0.0 0.023066 0.3837700000000001 0.013633 0.100859
0.0 0.53895 0.5734375 0.026475 0.290313
0.0 0.50481 0.7508005 0.039795 0.332266
0.0 0.505825 0.4471675000000001 0.018643 0.104766
0.0 0.043198 0.5507035000000001 0.026689 0.2475
7.0 0.593613 0.22263700000000006 0.002402 0.080234
0.0 0.931694 0.6131050000000001 0.060674 0.514297
0.0 0.517627 0.35564500000000004 0.008672 0.108828
0.0 0.156055 0.8631834999999999 0.077129 0.179766
