0.0 0.648281 0.5777155000000002 0.028457 0.201016
7.0 0.288071 0.6319135 0.019951 0.490781
6.0 0.65063 0.6797845 0.009736 0.401641
6.0 0.764321 0.4087300000000001 0.004092 0.118047
0.0 0.012368 0.6728710000000001 0.023701 0.432578
2.0 0.038784 0.3081835 0.010869 0.097891
0.0 0.040288 0.5132035 0.019092 0.177031
6.0 0.178506 0.3519535 0.003027 0.07625
0.0 0.05377 0.6895705 0.030586 0.359375
0.0 0.103823 0.6320305 0.088096 0.490625
0.0 0.552061 0.7418365000000001 0.052598 0.324531
7.0 0.669805 0.6424030000000001 0.016836 0.476797
4.0 0.670049 0.8517579999999999 0.026973 0.197656
7.0 0.61895 0.6478510000000001 0.011924 0.411719
6.0 0.765435 0.44523400000000013 0.003643 0.110625
