0.0 0.937402 0.6777340000000001 0.057422 0.429688
0.0 0.640444 0.5169535000000002 0.009932 0.120625
6.0 0.27082 0.460762 0.009727 0.198672
4.0 0.269893 0.720508 0.01459 0.153906
6.0 0.848408 0.5976955000000002 0.01002 0.412031
6.0 0.836035 0.6035545000000001 0.006055 0.384844
0.0 0.8927 0.4416010000000001 0.014893 0.153906
0.0 0.621333 0.7147660000000001 0.0296 0.306875
7.0 0.802773 0.5100970000000001 0.012773 0.378203
4.0 0.790933 0.8844535 0.011689 0.154062
7.0 0.813608 0.6443365000000001 0.025264 0.474219
6.0 0.690474 0.4859575000000001 0.004443 0.157578
