7.0 0.069443 0.35722600000000004 0.006523 0.181094
0.0 0.981489 0.23705050000000003 0.022881 0.228672
0.0 0.4254 0.7389655 0.027187 0.256172
0.0 0.439805 0.579472 0.018184 0.158359
6.0 0.581558 0.6870505000000001 0.020244 0.417266
6.0 0.597422 0.4468165 0.006836 0.225391
0.0 0.004751 0.31621150000000003 0.009502 0.15375
0.0 0.164019 0.780274 0.095596 0.292969
0.0 0.819863 0.6970705 0.142715 0.403906
6.0 0.937661 0.23160100000000003 0.008428 0.259687
0.0 0.926138 0.6295120000000001 0.074932 0.493516
7.0 0.953271 0.45789100000000005 0.014453 0.400156
0.0 0.987988 0.37662100000000004 0.024023 0.283672
0.0 0.457104 0.47834050000000006 0.015068 0.194766
0.0 0.467544 0.4984375000000001 0.013232 0.079375
0.0 0.470649 0.466855 0.012021 0.076953
