6.0 0.069048 0.3149800000000001 0.004053 0.095078
7.0 0.985664 0.5772460000000001 0.009531 0.361797
7.0 0.975044 0.358516 0.005166 0.147188
7.0 0.964634 0.346504 0.00501 0.151172
0.0 0.493779 0.7879495000000001 0.032285 0.268672
0.0 0.503027 0.6680665000000001 0.028711 0.190234
0.0 0.514629 0.46164100000000013 0.025781 0.205156
0.0 0.556284 0.5074030000000002 0.018838 0.108828
0.0 0.604165 0.4994335000000001 0.020264 0.110234
0.0 0.639092 0.4798045 0.016875 0.112344
0.0 0.160679 0.39132850000000013 0.018486 0.113437
0.0 0.061392 0.33625000000000005 0.009014 0.085938
0.0 0.126968 0.38886700000000013 0.0221 0.133594
6.0 0.055254 0.31726600000000005 0.004492 0.105781
7.0 0.25793 0.3398830000000001 0.005 0.068437
7.0 0.388525 0.2674615000000001 0.005996 0.090625
6.0 0.512256 0.47212900000000013 0.00498 0.110859
6.0 0.519302 0.4640425000000001 0.005283 0.108672
