0.0 0.432031 0.3523045000000001 0.0175 0.114687
0.0 0.521211 0.3030865 0.013574 0.096406
0.0 0.399863 0.411778 0.021465 0.130703
0.0 0.365483 0.40750000000000003 0.011768 0.085469
0.0 0.473921 0.3196675 0.016436 0.091328
6.0 0.281025 0.7554294999999999 0.008242 0.293906
0.0 0.501401 0.7954494999999999 0.058857 0.272734
0.0 0.480674 0.633262 0.025039 0.265234
0.0 0.338901 0.42449200000000004 0.010889 0.070312
0.0 0.016748 0.7007620000000001 0.033496 0.398984
6.0 0.222095 0.47939500000000007 0.002217 0.071484
6.0 0.230132 0.4832035 0.001963 0.069531
0.0 0.374951 0.4017580000000001 0.016484 0.120625
0.0 0.988726 0.7003510000000001 0.022549 0.399531
