0.0 0.976543 0.4033405 0.018418 0.204609
0.0 0.966621 0.3299800000000001 0.011816 0.100391
0.0 0.407598 0.8173630000000001 0.061738 0.243516
0.0 0.478027 0.48882850000000005 0.013184 0.121563
0.0 0.489521 0.36519550000000006 0.005664 0.064219
2.0 0.010586 0.181621 0.006113 0.075859
2.0 0.015835 0.191347 0.006846 0.099922
0.0 0.010044 0.249883 0.004678 0.0475
0.0 0.005698 0.22597600000000007 0.004561 0.029219
0.0 0.011094 0.7114840000000001 0.022187 0.384687
0.0 0.992397 0.6619135 0.015205 0.371719
0.0 0.018301 0.3348445000000001 0.010645 0.071719
0.0 0.525469 0.4540825000000001 0.017227 0.182891
0.0 0.50481 0.7508005 0.039795 0.332266
0.0 0.505825 0.4471675000000001 0.018643 0.104766
0.0 0.029263 0.42601600000000006 0.018936 0.162031
0.0 0.758501 0.6364255000000001 0.126748 0.484766
0.0 0.515527 0.319726 0.006445 0.074219
0.0 0.062725 0.6748630000000001 0.039355 0.318516
