6.0 0.963823 0.2844535000000001 0.00415 0.116094
6.0 0.957373 0.3617965000000001 0.006797 0.199687
0.0 0.345244 0.8703325 0.059707 0.170703
0.0 0.444966 0.7625200000000001 0.050869 0.316641
0.0 0.489434 0.44523400000000013 0.015195 0.211875
0.0 0.011489 0.5785345000000001 0.022783 0.332266
6.0 0.093027 0.421387 0.004648 0.164453
7.0 0.126064 0.5204680000000002 0.008359 0.250312
4.0 0.125913 0.6133405000000001 0.011709 0.142266
0.0 0.139507 0.3115825 0.011768 0.055859
0.0 0.013408 0.26494150000000005 0.00627 0.062891
0.0 0.107134 0.3207805 0.011807 0.062656
0.0 0.031909 0.3600385 0.010732 0.086094
2.0 0.556284 0.46363300000000013 0.064404 0.711875
0.0 0.508984 0.5464255000000001 0.015586 0.186797
