2.0 0.02436 0.2297845 0.009502 0.138203
2.0 0.054058 0.2741995 0.037627 0.262266
0.0 0.047695 0.5625385 0.024277 0.214375
0.0 0.021113 0.37568350000000006 0.010391 0.081172
0.0 0.005098 0.46087900000000004 0.010195 0.139609
0.0 0.997524 0.4240825000000001 0.004951 0.180078
0.0 0.39126 0.8532804999999999 0.05748 0.179531
0.0 0.97123 0.4835545000000001 0.021035 0.262031
0.0 0.50481 0.7508005 0.039795 0.332266
0.0 0.505825 0.4471675000000001 0.018643 0.104766
0.0 0.470186 0.553516 0.019434 0.155313
7.0 0.592129 0.221992 0.004316 0.075
7.0 0.580659 0.2769535000000001 0.005303 0.098594
7.0 0.61561 0.402403 0.008213 0.194453
0.0 0.986011 0.33173800000000003 0.010244 0.113828
0.0 0.523916 0.4301755000000001 0.010859 0.143047
0.0 0.599658 0.637246 0.093086 0.483672
0.0 0.481665 0.4294135 0.010713 0.092812
