6.0 0.336396 0.629278 0.007812 0.353672
6.0 0.381333 0.6456250000000001 0.007529 0.336562
6.0 0.398652 0.6613285000000001 0.008711 0.353906
6.0 0.404536 0.6356635000000002 0.006826 0.280625
6.0 0.574736 0.5072260000000001 0.010273 0.335469
6.0 0.580337 0.43252000000000007 0.008662 0.225703
6.0 0.413296 0.6269335 0.006904 0.290859
6.0 0.420103 0.6286915000000002 0.009014 0.326328
6.0 0.430142 0.5910160000000001 0.009756 0.294375
6.0 0.44251 0.5706835000000001 0.009453 0.177266
6.0 0.45208 0.566992 0.007461 0.235156
6.0 0.457832 0.5362885000000001 0.006563 0.207187
6.0 0.469458 0.49790950000000006 0.005029 0.203203
6.0 0.013413 0.3174415000000001 0.0054 0.155391
6.0 0.785718 0.5880865000000001 0.027783 0.549219
