0.0 0.476294 0.6227155 0.023467 0.247891
0.0 0.486313 0.5337115000000001 0.014014 0.135313
6.0 0.396216 0.5861530000000001 0.007139 0.312734
6.0 0.402056 0.5726755000000001 0.007861 0.295547
0.0 0.02231 0.40550800000000004 0.012393 0.105625
0.0 0.036694 0.4488085 0.020166 0.203672
0.0 0.060845 0.690274 0.044912 0.354375
0.0 0.261572 0.6388285 0.179004 0.481563
6.0 0.07293 0.43093750000000003 0.00625 0.204375
6.0 0.080122 0.4308205 0.008936 0.208906
0.0 0.43916 0.671641 0.061797 0.434375
6.0 0.329346 0.683359 0.008867 0.371719
6.0 0.337612 0.688633 0.012881 0.372969
