0.0 0.985244 0.3099415000000001 0.010215 0.118672
0.0 0.972539 0.4553125 0.021621 0.244375
0.0 0.958911 0.3693550000000001 0.014834 0.141016
0.0 0.3546 0.8871490000000001 0.07207 0.150469
0.0 0.473594 0.5218165000000001 0.015703 0.145078
0.0 0.488159 0.3809575 0.006748 0.075234
2.0 0.009634 0.18080050000000006 0.005986 0.071328
2.0 0.014902 0.18959050000000002 0.006504 0.095703
0.0 0.009316 0.2448445 0.004453 0.044687
0.0 0.00501 0.21959050000000005 0.004258 0.027578
0.0 0.011631 0.7144720000000001 0.023262 0.380703
0.0 0.991943 0.6830080000000002 0.016113 0.38875
0.0 0.015923 0.31035100000000004 0.00915 0.057188
0.0 0.522466 0.4227340000000001 0.013076 0.17125
0.0 0.50481 0.7508005 0.039795 0.332266
0.0 0.505825 0.4471675000000001 0.018643 0.104766
0.0 0.025474 0.39209050000000006 0.015342 0.133984
0.0 0.61019 0.6424615000000001 0.100361 0.476719
0.0 0.515527 0.3135745 0.006445 0.066016
0.0 0.047178 0.5661130000000001 0.031348 0.252266
