6.0 0.962461 0.25843750000000004 0.002598 0.096875
0.0 0.547886 0.40996150000000003 0.007217 0.077031
7.0 0.487339 0.3679495 0.004541 0.058828
7.0 0.50666 0.38857450000000004 0.005605 0.082891
6.0 0.172549 0.5863285 0.009746 0.366406
6.0 0.614941 0.7383205000000002 0.010098 0.34125
6.0 0.593564 0.6086530000000001 0.008691 0.336641
6.0 0.617407 0.6370120000000001 0.009209 0.347578
6.0 0.628345 0.6665425000000001 0.008994 0.420234
0.0 0.389687 0.376093 0.014805 0.077188
0.0 0.025796 0.4812115 0.024912 0.232656
6.0 0.324873 0.4026370000000001 0.005371 0.188828
7.0 0.424648 0.425371 0.008848 0.110078
0.0 0.508013 0.4169335 0.016533 0.141328
6.0 0.353882 0.329101 0.004131 0.097969
0.0 0.367153 0.8328909999999999 0.092959 0.217656
0.0 0.970288 0.5168950000000001 0.025908 0.262109
0.0 0.513486 0.7234375000000002 0.043145 0.36875
6.0 0.532822 0.3864655 0.002949 0.103828
