6.0 0.974209 0.3105865 0.005039 0.128281
0.0 0.048052 0.4587115 0.012041 0.132656
0.0 0.029995 0.4686130000000001 0.019111 0.186641
0.0 0.413506 0.5471290000000001 0.099688 0.603828
0.0 0.481851 0.5094535000000001 0.014795 0.166875
0.0 0.008291 0.5023045 0.016582 0.25625
6.0 0.060571 0.36865300000000006 0.003584 0.105234
7.0 0.096445 0.4454695000000001 0.007129 0.17375
4.0 0.096406 0.5233990000000002 0.008691 0.111406
0.0 0.019956 0.29377000000000003 0.004756 0.043203
2.0 0.563296 0.43650400000000006 0.071807 0.743516
0.0 0.511045 0.5025970000000002 0.01252 0.168828
