0.0 0.021396 0.6743950000000001 0.035664 0.434141
0.0 0.034971 0.45390700000000006 0.017168 0.162031
2.0 0.069995 0.3941995000000001 0.023584 0.290391
0.0 0.081543 0.735508 0.046816 0.352656
0.0 0.181191 0.819121 0.113008 0.241172
6.0 0.206675 0.38822200000000007 0.003877 0.114297
0.0 0.400781 0.7948629999999999 0.073457 0.273516
0.0 0.453755 0.6729880000000001 0.0404 0.436016
0.0 0.499565 0.7413670000000001 0.039756 0.344844
7.0 0.553013 0.5181250000000001 0.00624 0.238437
4.0 0.554517 0.5927155000000002 0.01376 0.118984
7.0 0.541309 0.47834050000000006 0.005391 0.177266
6.0 0.684268 0.45197200000000004 0.003027 0.091328
