0.0 0.475391 0.6349615000000001 0.024219 0.257031
0.0 0.485347 0.5387500000000001 0.014717 0.144062
6.0 0.389155 0.5815825000000001 0.007139 0.318828
6.0 0.395259 0.5726755000000001 0.007861 0.295547
0.0 0.021206 0.391093 0.012393 0.105625
0.0 0.033579 0.431758 0.019658 0.1975
0.0 0.054355 0.6617965 0.039727 0.33375
0.0 0.206006 0.6319135 0.174121 0.490781
6.0 0.070039 0.4292380000000001 0.005859 0.200859
6.0 0.076172 0.4308205 0.008105 0.208906
0.0 0.430176 0.6638470000000001 0.070645 0.446484
6.0 0.317017 0.7007620000000001 0.009521 0.398984
6.0 0.325693 0.7047460000000001 0.014043 0.393672
