6.0 0.427612 0.6159175 0.008057 0.249922
6.0 0.436353 0.5341210000000001 0.006709 0.191641
7.0 0.217065 0.5832805000000001 0.008779 0.31125
5.0 0.691553 0.351016 0.008281 0.220938
5.0 0.684878 0.36824200000000007 0.008662 0.2275
0.0 0.70084 0.15496150000000003 0.014316 0.15625
4.0 0.653071 0.3649615 0.013096 0.228438
4.0 0.630449 0.2910745000000001 0.011973 0.196328
5.0 0.671519 0.2964655000000001 0.010732 0.209453
6.0 0.616025 0.5774215 0.023848 0.561562
7.0 0.208633 0.5866210000000001 0.008906 0.322578
6.0 0.512056 0.45894550000000006 0.005439 0.142656
6.0 0.521338 0.4192180000000001 0.005234 0.127031
4.0 0.211445 0.6944920000000001 0.025762 0.208125
