0.0 0.944053 0.677149 0.047832 0.430469
0.0 0.66104 0.5224030000000002 0.011768 0.126016
6.0 0.331201 0.4237885000000001 0.008496 0.163125
4.0 0.330464 0.6513085000000001 0.010146 0.136797
6.0 0.852378 0.6490825000000001 0.010635 0.447109
6.0 0.841929 0.6744535000000002 0.009482 0.430625
0.0 0.914092 0.4693165 0.012168 0.147578
0.0 0.95582 0.4987885 0.021191 0.290156
6.0 0.703555 0.452266 0.003672 0.148281
0.0 0.629897 0.7477540000000001 0.035088 0.333984
7.0 0.800151 0.6248830000000001 0.010576 0.500156
4.0 0.791196 0.8835745 0.016943 0.155234
7.0 0.795825 0.6774415000000001 0.025615 0.430078
6.0 0.710845 0.4764655000000001 0.004443 0.148359
