6.0 0.406489 0.7056835 0.015107 0.369141
7.0 0.597642 0.375976 0.009443 0.197656
6.0 0.581226 0.5481835 0.012178 0.341328
0.0 0.005259 0.4136530000000001 0.010518 0.211953
0.0 0.00689 0.3817195000000001 0.011279 0.132969
0.0 0.449268 0.577891 0.025684 0.265938
0.0 0.865366 0.6857035 0.132139 0.419063
6.0 0.863091 0.484726 0.01501 0.553125
0.0 0.964644 0.5066995000000001 0.033232 0.308359
7.0 0.982666 0.337012 0.007715 0.154453
0.0 0.995327 0.37709050000000005 0.009346 0.233203
0.0 0.458853 0.38119150000000007 0.015068 0.162109
0.0 0.487886 0.3947260000000001 0.013232 0.079375
0.0 0.473716 0.4038085000000001 0.012021 0.076953
