7 0.468140 0.596211 0.003896 0.090078
4 0.468252 0.625312 0.003691 0.055938
4 0.672124 0.704609 0.013350 0.175000
0 0.021553 0.790234 0.037812 0.419531
0 0.076030 0.665195 0.024541 0.155391
0 0.119731 0.624648 0.022139 0.140391
6 0.383496 0.717344 0.005684 0.280000
0 0.119526 0.857734 0.094561 0.283281
0 0.509546 0.771250 0.024990 0.293594
0 0.524863 0.613945 0.010117 0.082578
0 0.509414 0.603555 0.009961 0.071797
6 0.956094 0.576992 0.004668 0.174141
4 0.792559 0.722344 0.015957 0.221562
4 0.764321 0.728164 0.013135 0.197266
4 0.722827 0.719180 0.015479 0.180391
