0 0.052993 0.598008 0.015596 0.116797
0 0.104814 0.713789 0.036094 0.249297
0 0.364570 0.843750 0.055703 0.312500
0 0.302207 0.664414 0.027012 0.139766
2 0.453101 0.599805 0.027686 0.214453
2 0.436265 0.611289 0.048740 0.288984
6 0.245781 0.763984 0.006992 0.257344
6 0.243979 0.745156 0.005635 0.245000
0 0.225537 0.636211 0.025879 0.149453
0 0.295400 0.634844 0.022500 0.114375
0 0.479121 0.628359 0.009844 0.065938
0 0.444102 0.687734 0.023535 0.206250
6 0.392188 0.680312 0.005273 0.185469
6 0.544922 0.588437 0.003516 0.110000
0 0.007725 0.656914 0.014160 0.166328
0 0.508892 0.710625 0.015615 0.165469
6 0.075620 0.577852 0.004502 0.098359
