4 0.598115 0.658672 0.016094 0.118125
0 0.045937 0.794063 0.042402 0.411875
0 0.115249 0.710938 0.024736 0.163594
0 0.157139 0.645469 0.022090 0.140469
6 0.408081 0.679453 0.004971 0.173906
0 0.354854 0.900547 0.088223 0.198906
0 0.489072 0.771445 0.024668 0.291328
0 0.503716 0.619648 0.010127 0.082578
0 0.489409 0.599922 0.009443 0.067500
6 0.927905 0.572227 0.005967 0.111797
6 0.922310 0.587266 0.006064 0.221406
4 0.678159 0.701250 0.015244 0.221562
4 0.657168 0.705859 0.021328 0.165313
4 0.628330 0.696992 0.014668 0.160547
