6 0.442480 0.697773 0.006250 0.208203
7 0.267910 0.741836 0.009082 0.322734
5 0.649131 0.578086 0.007578 0.198672
5 0.643774 0.578398 0.005752 0.180234
0 0.675293 0.447734 0.014121 0.152969
4 0.617266 0.571719 0.013770 0.203281
4 0.602109 0.534727 0.010332 0.158672
5 0.636802 0.537930 0.007705 0.182109
0 0.009712 0.556094 0.007080 0.062344
6 0.564712 0.751211 0.015869 0.497266
7 0.259888 0.747266 0.006201 0.334844
6 0.509072 0.612539 0.004922 0.113984
6 0.518110 0.605469 0.005420 0.120000
4 0.255933 0.811367 0.025205 0.210547
