0 0.466025 0.655078 0.013242 0.125781
0 0.031323 0.546406 0.007021 0.062344
0 0.039297 0.566680 0.008379 0.087422
0 0.064062 0.635156 0.016875 0.135938
2 0.264453 0.682813 0.192383 0.628125
2 0.387002 0.628359 0.109961 0.488281
6 0.135586 0.686562 0.005937 0.203438
6 0.141162 0.670117 0.005176 0.167578
0 0.138047 0.587812 0.018086 0.115000
0 0.451621 0.663125 0.013281 0.122188
0 0.407593 0.830078 0.040576 0.338281
0 0.112271 0.724297 0.038604 0.295156
6 0.257061 0.705469 0.005645 0.256406
6 0.564497 0.612031 0.004717 0.126875
0 0.007075 0.661758 0.014150 0.178828
0 0.507109 0.709375 0.016211 0.155938
