6 0.446538 0.685195 0.005752 0.196797
7 0.276846 0.736250 0.007129 0.316562
5 0.643364 0.574805 0.007959 0.190391
5 0.638203 0.576172 0.005762 0.179219
0 0.670972 0.451094 0.013135 0.146250
4 0.612515 0.568437 0.013955 0.197187
4 0.598872 0.535117 0.010322 0.157891
5 0.631235 0.543945 0.007451 0.174609
0 0.010518 0.561328 0.007344 0.064531
6 0.558306 0.754453 0.015127 0.489844
7 0.270376 0.746523 0.006123 0.333203
6 0.508955 0.610547 0.004883 0.112187
6 0.517505 0.603203 0.005479 0.118125
4 0.266113 0.810195 0.024316 0.206484
