6 0.394873 0.803906 0.008301 0.373437
6 0.401006 0.782344 0.007559 0.249062
6 0.407314 0.776836 0.011094 0.247422
6 0.418677 0.728594 0.008096 0.223438
7 0.166445 0.681836 0.008262 0.280703
5 0.757769 0.547539 0.009482 0.256484
5 0.753467 0.559570 0.011816 0.259141
4 0.726445 0.588125 0.011270 0.257344
4 0.691440 0.521602 0.010732 0.261016
6 0.772964 0.669844 0.023135 0.655313
7 0.157773 0.683750 0.008086 0.282188
6 0.516982 0.680078 0.006445 0.201250
6 0.527524 0.639180 0.007119 0.140547
4 0.162124 0.747188 0.021846 0.169375
