0 0.032578 0.547344 0.005352 0.053750
0 0.079077 0.667461 0.022314 0.172891
0 0.222642 0.839297 0.071123 0.321406
0 0.436201 0.728516 0.022988 0.188281
0 0.336260 0.662695 0.025918 0.128359
2 0.463369 0.599219 0.018652 0.164375
2 0.443726 0.598633 0.027139 0.218672
6 0.291768 0.775781 0.006172 0.244375
6 0.286118 0.765781 0.005635 0.245000
0 0.265029 0.636250 0.026133 0.133437
0 0.324731 0.633750 0.018291 0.097500
0 0.464644 0.639453 0.015205 0.140000
6 0.413057 0.663555 0.005293 0.144609
0 0.008076 0.652695 0.014160 0.166328
0 0.509521 0.711016 0.015410 0.168906
6 0.083711 0.591445 0.005098 0.109922
