0 0.462798 0.658789 0.014170 0.133984
0 0.030483 0.545117 0.006748 0.060078
0 0.038066 0.564258 0.007930 0.084609
0 0.060176 0.623359 0.015391 0.129844
2 0.243052 0.677734 0.184150 0.640313
2 0.382944 0.628594 0.113564 0.500000
6 0.130937 0.672695 0.004844 0.176484
6 0.136416 0.668242 0.005176 0.167578
0 0.135181 0.579531 0.018096 0.125000
0 0.448032 0.667969 0.014365 0.132812
0 0.392988 0.835938 0.047227 0.323750
0 0.101919 0.700547 0.034697 0.272344
6 0.247627 0.704922 0.005645 0.256406
6 0.566416 0.613984 0.004785 0.133125
0 0.007075 0.661250 0.014150 0.180937
0 0.507002 0.709297 0.016250 0.155313
