0 0.478267 0.632617 0.008975 0.074453
0 0.037222 0.555586 0.008936 0.078672
0 0.053408 0.597891 0.015488 0.127188
0 0.115093 0.750859 0.041045 0.265625
0 0.238691 0.650195 0.025234 0.144609
2 0.389849 0.660234 0.102568 0.483281
2 0.415386 0.626719 0.084756 0.406250
6 0.173105 0.706133 0.005801 0.237266
6 0.175327 0.710742 0.005635 0.245078
0 0.167490 0.587539 0.015313 0.104453
0 0.242349 0.618516 0.023389 0.117656
0 0.467642 0.639805 0.008193 0.095391
0 0.458120 0.692969 0.020029 0.169063
0 0.286318 0.804883 0.075605 0.390234
6 0.330850 0.714766 0.005645 0.256406
6 0.554897 0.608711 0.004229 0.116641
0 0.007134 0.664023 0.014150 0.166328
0 0.507842 0.709883 0.015957 0.159922
6 0.063203 0.555117 0.003516 0.078984
