0 0.993301 0.626250 0.013398 0.114062
6 0.157749 0.699844 0.005596 0.184219
6 0.185464 0.610469 0.006553 0.163594
6 0.191597 0.584453 0.006533 0.171406
6 0.255840 0.682305 0.004785 0.103828
6 0.262832 0.670195 0.004316 0.090859
6 0.791987 0.638320 0.008682 0.253672
6 0.784751 0.619609 0.006963 0.257969
6 0.777573 0.622812 0.007295 0.249688
6 0.877373 0.749922 0.014395 0.490781
5 0.736465 0.782891 0.007773 0.285000
5 0.960518 0.834922 0.013203 0.330156
5 0.745928 0.703477 0.006582 0.195703
5 0.749243 0.676094 0.005264 0.165156
5 0.868735 0.859180 0.007393 0.281641
5 0.865142 0.853867 0.006846 0.290547
5 0.859131 0.854258 0.006348 0.291484
5 0.837900 0.844062 0.016152 0.311875
