0 0.048594 0.571406 0.009844 0.075781
0 0.265654 0.849844 0.065098 0.300312
0 0.433345 0.698594 0.026709 0.226875
0 0.470996 0.629805 0.010137 0.091797
0 0.382490 0.634961 0.014590 0.100391
2 0.454048 0.593828 0.015576 0.167969
6 0.359912 0.717422 0.006270 0.204219
6 0.351357 0.710508 0.005020 0.181953
0 0.329033 0.623008 0.023652 0.122422
0 0.367202 0.623398 0.021318 0.094766
0 0.008726 0.644805 0.014170 0.166328
0 0.506602 0.706914 0.015371 0.169453
6 0.105269 0.614648 0.005635 0.147266
0 0.028027 0.541719 0.007031 0.065000
6 0.091670 0.588867 0.004258 0.108672
6 0.977769 0.548047 0.003857 0.102187
