0 0.475342 0.628281 0.009219 0.085313
0 0.459795 0.641523 0.009824 0.093828
0 0.431909 0.721406 0.032568 0.252031
0 0.025425 0.537266 0.005107 0.046094
0 0.031133 0.552188 0.005566 0.065938
0 0.045327 0.594336 0.009658 0.094453
2 0.132358 0.635820 0.102803 0.511172
2 0.350928 0.641211 0.149961 0.575078
0 0.413345 0.736445 0.024150 0.209922
0 0.207637 0.854375 0.068457 0.291250
0 0.062910 0.615039 0.017344 0.168047
6 0.191055 0.701641 0.005645 0.256406
6 0.578994 0.627422 0.005313 0.168594
0 0.007075 0.658281 0.014150 0.193438
0 0.506372 0.708867 0.016455 0.151953
