0 0.078237 0.582578 0.011943 0.073906
7 0.163940 0.703789 0.006982 0.226797
4 0.164023 0.767852 0.007461 0.145703
6 0.435078 0.670977 0.004238 0.144297
6 0.471313 0.615508 0.003467 0.093984
6 0.462451 0.633867 0.003672 0.098828
6 0.461499 0.645469 0.003877 0.115000
6 0.546265 0.621211 0.004385 0.144453
6 0.541553 0.628242 0.004062 0.146641
6 0.535459 0.614727 0.003887 0.124141
0 0.930029 0.834023 0.067344 0.331953
4 0.872920 0.641094 0.012637 0.148594
0 0.019116 0.807734 0.038232 0.384531
0 0.004458 0.575977 0.008740 0.105703
6 0.104854 0.676133 0.005430 0.218516
0 0.020464 0.596094 0.013896 0.118437
0 0.509121 0.846172 0.043145 0.307656
0 0.520986 0.625742 0.010117 0.082578
0 0.505386 0.665391 0.016514 0.126719
4 0.920327 0.599023 0.011260 0.115078
4 0.914326 0.604062 0.010547 0.110781
4 0.899985 0.610859 0.012568 0.134375
