0 0.979141 0.631250 0.019629 0.114062
0 0.986450 0.606445 0.020205 0.119922
6 0.146260 0.677852 0.005605 0.184297
6 0.172817 0.592852 0.006553 0.168516
6 0.178770 0.590781 0.006523 0.171406
6 0.242822 0.666055 0.004785 0.103828
6 0.250283 0.659570 0.004316 0.101172
6 0.768477 0.638672 0.008086 0.264844
6 0.760513 0.641992 0.006924 0.267578
6 0.753579 0.636953 0.008018 0.244844
6 0.844214 0.756328 0.017686 0.484687
5 0.707119 0.792070 0.008496 0.269453
5 0.939214 0.843438 0.013174 0.313125
5 0.719185 0.718672 0.006592 0.205156
5 0.724683 0.691875 0.005674 0.170781
5 0.835459 0.872891 0.007129 0.254219
5 0.831079 0.871992 0.005967 0.254297
5 0.824312 0.871172 0.007236 0.257656
5 0.806304 0.848477 0.016592 0.303047
