7 0.470181 0.608086 0.003447 0.079609
4 0.470210 0.633359 0.003467 0.051563
4 0.629336 0.677852 0.017090 0.134766
0 0.038345 0.789219 0.041045 0.421562
0 0.105811 0.701680 0.025488 0.166953
0 0.148765 0.629570 0.019697 0.140391
6 0.407983 0.700313 0.005322 0.208750
0 0.271221 0.918789 0.111387 0.162422
0 0.502686 0.768398 0.025371 0.291328
0 0.517480 0.617227 0.010117 0.082578
0 0.503711 0.597227 0.009453 0.067578
6 0.949229 0.570664 0.004707 0.088359
6 0.942817 0.583398 0.005186 0.201172
4 0.727910 0.727500 0.011680 0.221562
4 0.698247 0.725703 0.014111 0.189844
4 0.665698 0.707148 0.014014 0.178047
