0 0.068984 0.626562 0.021406 0.148281
0 0.401016 0.763359 0.036367 0.259063
0 0.459473 0.634844 0.014492 0.139062
0 0.398994 0.606367 0.014863 0.094297
6 0.384658 0.689883 0.006035 0.184297
6 0.375557 0.677422 0.004570 0.162969
0 0.355977 0.597070 0.015723 0.094609
0 0.381470 0.597930 0.017764 0.087266
0 0.009077 0.640586 0.014170 0.166328
0 0.504790 0.704375 0.015381 0.169375
6 0.120952 0.628047 0.005752 0.172656
0 0.028027 0.541719 0.007031 0.065000
6 0.108076 0.599063 0.004902 0.131406
6 0.970850 0.568437 0.003867 0.126563
