0 0.039746 0.559492 0.009766 0.085703
0 0.061699 0.614805 0.019219 0.147734
0 0.166943 0.839258 0.060254 0.321484
0 0.259004 0.652695 0.025234 0.144609
2 0.421265 0.639883 0.065381 0.388984
2 0.427554 0.626016 0.073955 0.371094
6 0.194355 0.717070 0.006035 0.252422
6 0.195210 0.721094 0.005635 0.245000
0 0.181738 0.593477 0.017207 0.108828
0 0.259976 0.613047 0.023389 0.117656
0 0.468232 0.659062 0.016973 0.138125
0 0.367842 0.799609 0.056309 0.400781
6 0.352119 0.698906 0.005410 0.236563
6 0.551060 0.608047 0.004014 0.114688
0 0.007310 0.661914 0.014150 0.166328
0 0.508154 0.710078 0.015859 0.161563
6 0.066924 0.561953 0.003809 0.084844
