0 0.066436 0.636875 0.017129 0.146563
0 0.170239 0.818398 0.057861 0.363203
0 0.419365 0.770156 0.032148 0.236250
0 0.325903 0.667148 0.027158 0.134609
2 0.459946 0.599453 0.021670 0.181094
2 0.441240 0.602852 0.034336 0.242109
6 0.277432 0.771406 0.006035 0.252500
6 0.272075 0.758906 0.005635 0.245000
0 0.252124 0.637305 0.026572 0.140859
0 0.315776 0.634766 0.018916 0.101094
0 0.460708 0.649883 0.016670 0.152891
6 0.406880 0.669570 0.005283 0.155078
0 0.007959 0.654102 0.014160 0.166328
0 0.509312 0.710898 0.015479 0.167734
6 0.080591 0.586875 0.004893 0.106094
