0 0.078237 0.582578 0.011943 0.073906
7 0.161763 0.693203 0.006982 0.221406
4 0.161201 0.756328 0.007871 0.143906
6 0.433789 0.673945 0.004238 0.144297
6 0.470938 0.616602 0.003457 0.093984
6 0.461191 0.636758 0.003672 0.098828
6 0.460967 0.648203 0.003867 0.115000
6 0.546953 0.622227 0.004395 0.144453
6 0.542100 0.630508 0.004160 0.148359
6 0.535942 0.615977 0.003877 0.124141
0 0.917173 0.848633 0.077314 0.302734
4 0.873833 0.638984 0.012998 0.148281
0 0.019297 0.808437 0.038594 0.383125
0 0.004380 0.577266 0.008662 0.107187
6 0.103062 0.672461 0.005264 0.214609
0 0.019897 0.591055 0.012998 0.115391
0 0.509136 0.847227 0.043721 0.305547
0 0.520986 0.626133 0.010117 0.082578
0 0.505425 0.667617 0.016514 0.126797
4 0.920820 0.596875 0.011113 0.112812
4 0.914971 0.602734 0.010547 0.110781
4 0.900264 0.606484 0.012383 0.133125
