0 0.477090 0.624922 0.008535 0.078750
0 0.461914 0.636680 0.009668 0.088828
0 0.440186 0.704844 0.027051 0.227500
0 0.026265 0.538516 0.005381 0.048438
0 0.031914 0.552383 0.005703 0.070234
0 0.047344 0.597969 0.010625 0.100312
2 0.149336 0.643789 0.119023 0.549609
2 0.357544 0.637227 0.141436 0.561797
0 0.420215 0.721758 0.022246 0.196016
0 0.243945 0.856250 0.075000 0.287500
0 0.066606 0.622695 0.019229 0.179922
6 0.200488 0.702187 0.005645 0.256406
6 0.576001 0.624102 0.005127 0.164297
0 0.007075 0.658789 0.014150 0.191328
0 0.506479 0.708945 0.016416 0.152578
