0 0.042769 0.562656 0.008213 0.067812
0 0.156875 0.836914 0.048125 0.326172
0 0.397920 0.769922 0.039473 0.287656
0 0.463584 0.651563 0.012676 0.124531
0 0.367109 0.642695 0.019121 0.106641
2 0.450415 0.594922 0.018760 0.183594
6 0.339517 0.741445 0.006416 0.217578
6 0.330596 0.731953 0.005332 0.200937
0 0.308096 0.631289 0.025039 0.119766
0 0.351758 0.627188 0.020215 0.095781
0 0.476157 0.610195 0.010068 0.094922
6 0.430581 0.640625 0.005322 0.124219
0 0.008491 0.647695 0.014170 0.166328
0 0.507812 0.708555 0.015371 0.169453
6 0.096519 0.606602 0.005557 0.130391
6 0.082778 0.580586 0.003584 0.092422
