0 0.971826 0.628750 0.019629 0.114062
0 0.980225 0.606445 0.020215 0.119922
6 0.143086 0.665547 0.005605 0.184219
6 0.167720 0.601875 0.006729 0.171250
6 0.173872 0.589609 0.006533 0.171406
6 0.238330 0.659805 0.004785 0.103828
6 0.245718 0.661641 0.004326 0.122500
6 0.757666 0.652344 0.007520 0.257812
6 0.750864 0.654414 0.006924 0.271328
6 0.743076 0.658984 0.008379 0.267969
6 0.828027 0.757344 0.020117 0.477187
5 0.693750 0.800039 0.008984 0.259141
5 0.929053 0.850000 0.013164 0.300000
5 0.708467 0.726289 0.006582 0.209922
5 0.713535 0.699805 0.005957 0.174609
5 0.819224 0.881250 0.007139 0.237500
5 0.815195 0.874570 0.006172 0.250859
5 0.809165 0.878633 0.007432 0.242734
5 0.791812 0.851641 0.016182 0.296719
