6 0.161787 0.708203 0.005605 0.184219
6 0.188818 0.616914 0.006543 0.161953
6 0.195269 0.594805 0.006533 0.171484
6 0.260161 0.681445 0.004795 0.103828
6 0.267515 0.671602 0.004326 0.090859
6 0.799282 0.640313 0.008447 0.242344
6 0.791470 0.617852 0.007002 0.253984
6 0.785000 0.619414 0.007109 0.251797
6 0.886216 0.752461 0.014131 0.487578
5 0.745752 0.785625 0.007773 0.285000
5 0.966582 0.836211 0.013203 0.327578
5 0.753057 0.699727 0.006582 0.193359
5 0.877666 0.857969 0.007676 0.284062
5 0.874194 0.856133 0.006475 0.286484
5 0.867930 0.853281 0.006855 0.293438
5 0.847764 0.844375 0.015098 0.311250
