0 0.047319 0.581523 0.013096 0.103516
0 0.080073 0.648398 0.024209 0.175078
0 0.285303 0.861328 0.076074 0.277344
0 0.283691 0.659375 0.026250 0.141875
2 0.441372 0.614180 0.045381 0.267734
2 0.432529 0.617578 0.059551 0.324219
6 0.223369 0.746328 0.006035 0.252500
6 0.222910 0.734844 0.005645 0.245000
0 0.206016 0.619219 0.024727 0.122812
0 0.282930 0.621797 0.023398 0.117656
0 0.475674 0.634727 0.012891 0.096797
0 0.422686 0.727500 0.031309 0.284062
6 0.377407 0.685703 0.005264 0.208125
6 0.547549 0.596836 0.003730 0.111953
0 0.007544 0.659102 0.014150 0.166328
0 0.508574 0.710391 0.015723 0.163750
6 0.071895 0.571016 0.004199 0.092500
