0 0.468291 0.622266 0.009219 0.073750
0 0.456348 0.666133 0.016016 0.150547
0 0.028794 0.542461 0.006201 0.055391
0 0.035605 0.559492 0.007031 0.078828
0 0.053394 0.608828 0.013486 0.117969
2 0.200254 0.667578 0.167695 0.664844
2 0.374834 0.629062 0.120762 0.523438
6 0.126431 0.668867 0.004854 0.176484
6 0.131670 0.668242 0.005176 0.167578
0 0.132720 0.579531 0.018096 0.125000
0 0.440850 0.677773 0.016543 0.153984
0 0.348008 0.850859 0.065898 0.294531
0 0.084502 0.662891 0.026914 0.226562
6 0.228770 0.703828 0.005645 0.256406
6 0.570244 0.618047 0.004922 0.145625
0 0.007075 0.660273 0.014150 0.185078
0 0.506792 0.709141 0.016318 0.154219
