0 0.475259 0.638906 0.010088 0.088750
0 0.035537 0.552969 0.008398 0.074062
0 0.047886 0.586562 0.012998 0.113594
0 0.092549 0.712734 0.030937 0.230000
0 0.225151 0.648477 0.025244 0.144609
2 0.361978 0.678516 0.131416 0.544844
2 0.407275 0.627188 0.091953 0.429688
6 0.160820 0.696836 0.005938 0.222109
6 0.165566 0.699141 0.005508 0.222812
0 0.157993 0.583555 0.014033 0.101484
0 0.231963 0.629492 0.023398 0.135234
0 0.463496 0.645977 0.009531 0.100859
0 0.450581 0.716875 0.022061 0.189688
0 0.219741 0.806875 0.073857 0.386250
6 0.304199 0.708203 0.005645 0.256406
6 0.557456 0.609141 0.004365 0.117969
0 0.007075 0.664258 0.014150 0.168359
0 0.507632 0.709766 0.016025 0.158750
