0 0.080210 0.597383 0.012822 0.072422
7 0.200430 0.760273 0.009102 0.331797
4 0.200186 0.843125 0.019805 0.215469
6 0.441113 0.656484 0.004219 0.142344
6 0.473184 0.609883 0.003457 0.093984
6 0.466411 0.621445 0.003662 0.098828
6 0.464150 0.631797 0.003867 0.115000
6 0.542827 0.616055 0.004385 0.144453
6 0.538799 0.616797 0.003594 0.138281
6 0.533062 0.608516 0.003877 0.124219
0 0.967593 0.759414 0.032061 0.312422
4 0.868369 0.651523 0.010898 0.149766
0 0.018193 0.804297 0.036387 0.391406
0 0.005801 0.569727 0.010957 0.098516
6 0.116777 0.700273 0.006289 0.255234
0 0.023936 0.621484 0.017031 0.133281
0 0.509019 0.840820 0.040264 0.318359
0 0.520986 0.621992 0.010117 0.082578
0 0.505171 0.654453 0.016514 0.126719
4 0.917881 0.609844 0.011953 0.126250
4 0.911128 0.610469 0.010557 0.110781
4 0.894907 0.623203 0.013428 0.140469
