0 0.476758 0.635742 0.009531 0.081641
0 0.036377 0.554258 0.008672 0.076328
0 0.050649 0.592227 0.014248 0.120391
0 0.102305 0.730742 0.034648 0.257266
0 0.231924 0.649336 0.025234 0.144609
2 0.375908 0.669375 0.116992 0.514062
2 0.411333 0.626953 0.088350 0.417969
6 0.166846 0.701953 0.005684 0.229687
6 0.170449 0.704922 0.005566 0.233906
0 0.162744 0.585547 0.014668 0.102969
0 0.237158 0.624023 0.023398 0.126484
0 0.465571 0.642891 0.008857 0.098125
0 0.454351 0.704922 0.021045 0.179375
0 0.252202 0.808203 0.078037 0.383594
6 0.321416 0.721328 0.005645 0.256406
6 0.556177 0.608906 0.004287 0.117344
0 0.007075 0.664805 0.014150 0.166328
0 0.507734 0.709805 0.015996 0.159297
6 0.061958 0.552891 0.003408 0.077031
