0 0.026348 0.659336 0.019883 0.120234
0 0.034277 0.629531 0.019141 0.101875
6 0.185205 0.676523 0.005605 0.179766
6 0.216426 0.588125 0.006309 0.158125
6 0.221738 0.585430 0.005078 0.146328
6 0.287397 0.640820 0.004795 0.103828
6 0.295264 0.633945 0.004336 0.091953
6 0.845210 0.650195 0.007471 0.280859
6 0.836992 0.654414 0.009102 0.281797
6 0.828701 0.644141 0.006934 0.250781
6 0.930083 0.758164 0.012432 0.483672
5 0.794404 0.784531 0.007773 0.285000
5 0.924639 0.843633 0.007266 0.279141
5 0.919785 0.847461 0.005078 0.283516
5 0.914121 0.850313 0.007734 0.299375
5 0.895762 0.833086 0.013828 0.319766
