0 0.056772 0.609023 0.017256 0.125703
0 0.132324 0.777305 0.045508 0.326172
0 0.397026 0.815156 0.043057 0.290781
0 0.314551 0.667734 0.027520 0.138437
2 0.456523 0.599609 0.024668 0.197812
2 0.438750 0.607070 0.041543 0.265547
6 0.260752 0.769727 0.008223 0.258984
6 0.258027 0.752031 0.005645 0.245000
0 0.239224 0.638320 0.027002 0.148359
0 0.305591 0.634805 0.020713 0.107734
0 0.452935 0.672148 0.019521 0.171172
6 0.399536 0.674961 0.005283 0.170234
0 0.007842 0.655508 0.014160 0.166328
0 0.509102 0.710742 0.015547 0.166641
6 0.078105 0.582383 0.004707 0.102266
