6 0.438428 0.710352 0.006738 0.219609
6 0.444912 0.667227 0.005586 0.163359
7 0.255479 0.745117 0.009141 0.319609
5 0.657310 0.579648 0.007197 0.207109
5 0.650986 0.579609 0.005957 0.187656
0 0.679614 0.444375 0.015107 0.159687
4 0.623530 0.573984 0.013584 0.209375
4 0.607842 0.534414 0.010742 0.168359
5 0.644014 0.534883 0.007969 0.189609
0 0.008896 0.550820 0.006816 0.060234
6 0.573076 0.741445 0.016113 0.517109
7 0.247036 0.748047 0.006963 0.336563
6 0.509189 0.614570 0.004961 0.115859
6 0.518711 0.607695 0.005371 0.121953
4 0.245757 0.812617 0.026084 0.214609
