0 0.035488 0.551719 0.006172 0.057812
0 0.091719 0.698047 0.027480 0.199219
0 0.286294 0.834531 0.072725 0.330937
0 0.446074 0.700195 0.019766 0.169766
0 0.346621 0.658203 0.024687 0.122031
2 0.466797 0.599063 0.015645 0.147656
2 0.445879 0.596250 0.022734 0.203125
6 0.306226 0.766875 0.006299 0.236406
6 0.298325 0.756133 0.006221 0.232422
0 0.277935 0.635195 0.025693 0.126016
0 0.332451 0.631875 0.018848 0.097031
0 0.468579 0.629023 0.013740 0.127109
6 0.418062 0.657031 0.005303 0.138750
0 0.008193 0.651211 0.014160 0.166328
0 0.509326 0.710664 0.015371 0.169453
6 0.086836 0.595977 0.005293 0.113828
