0 0.479766 0.629492 0.008418 0.067266
0 0.038062 0.556914 0.009209 0.081016
0 0.056172 0.603516 0.016738 0.134062
0 0.127876 0.771016 0.047451 0.274062
0 0.245464 0.651016 0.025244 0.144688
2 0.403779 0.651094 0.088145 0.452500
2 0.419443 0.626484 0.081152 0.394531
6 0.179365 0.710313 0.005918 0.244844
6 0.181958 0.714219 0.005635 0.245000
0 0.172236 0.589492 0.015937 0.105859
0 0.248496 0.608672 0.023398 0.117656
0 0.461890 0.681016 0.019014 0.158750
0 0.317153 0.801562 0.073174 0.396875
6 0.337939 0.709453 0.005566 0.249844
6 0.553618 0.608477 0.004150 0.116016
0 0.007192 0.663320 0.014150 0.166328
0 0.507944 0.709961 0.015928 0.160391
6 0.064443 0.557422 0.003613 0.080937
