6 0.357715 0.799570 0.011133 0.400859
6 0.381943 0.801055 0.012480 0.282266
6 0.387485 0.795391 0.012783 0.285156
6 0.407153 0.748164 0.010791 0.244766
7 0.143638 0.668828 0.007822 0.246719
5 0.795552 0.544531 0.013369 0.245313
0 0.754912 0.409883 0.012559 0.147422
4 0.775298 0.578438 0.008740 0.269063
4 0.735840 0.524180 0.009082 0.261016
6 0.867139 0.685547 0.020215 0.628906
7 0.135718 0.672813 0.007471 0.251563
6 0.521597 0.680195 0.007783 0.245234
6 0.532524 0.654961 0.007686 0.146953
4 0.140420 0.717500 0.019707 0.139531
