0 0.051099 0.592500 0.014756 0.112344
0 0.093330 0.683633 0.031387 0.210859
0 0.342891 0.854336 0.062500 0.291328
0 0.296035 0.662734 0.026758 0.140469
2 0.449185 0.604609 0.033584 0.232187
2 0.435020 0.613398 0.052344 0.300703
6 0.238467 0.759102 0.006035 0.252422
6 0.236958 0.741719 0.005635 0.245000
0 0.219028 0.630547 0.025498 0.140625
0 0.290312 0.634883 0.023398 0.117734
0 0.477969 0.630469 0.010859 0.076250
0 0.436963 0.700977 0.026133 0.232266
6 0.388511 0.683008 0.005264 0.193047
6 0.545796 0.591250 0.003584 0.110625
0 0.007661 0.657617 0.014150 0.166328
0 0.508784 0.710508 0.015654 0.164922
6 0.074380 0.575547 0.004404 0.096406
