6 0.430312 0.735547 0.007734 0.242344
6 0.438682 0.681211 0.006426 0.184609
7 0.227939 0.733320 0.008867 0.313359
5 0.681235 0.567148 0.007939 0.217891
5 0.673960 0.578555 0.007510 0.223359
0 0.695186 0.438555 0.014629 0.157891
4 0.643799 0.570469 0.013223 0.224062
4 0.621807 0.533867 0.011973 0.196328
5 0.662739 0.532852 0.008486 0.204609
6 0.600732 0.724805 0.019238 0.546641
7 0.219033 0.734180 0.008809 0.328828
6 0.511245 0.632422 0.005303 0.135156
6 0.520425 0.611758 0.005264 0.125703
4 0.221812 0.805273 0.026514 0.213984
