0 0.047139 0.569219 0.009434 0.073750
0 0.234326 0.843438 0.063379 0.313125
0 0.427163 0.711328 0.028779 0.242500
0 0.469702 0.632656 0.010771 0.100000
0 0.378730 0.636523 0.015723 0.101484
2 0.453145 0.594063 0.016367 0.171875
6 0.354814 0.723437 0.006309 0.207656
6 0.346494 0.716875 0.005098 0.185156
0 0.324307 0.627812 0.025020 0.127188
0 0.363345 0.624375 0.021045 0.095000
0 0.008667 0.645508 0.014170 0.166328
0 0.506904 0.707305 0.015371 0.169453
6 0.103081 0.612656 0.005615 0.143125
6 0.089321 0.587578 0.004150 0.104844
6 0.978496 0.544648 0.003867 0.098203
