7 0.463628 0.611602 0.004131 0.078359
4 0.463828 0.641328 0.003516 0.046719
4 0.605005 0.662070 0.016729 0.120234
0 0.045200 0.791445 0.042334 0.417109
0 0.113774 0.710273 0.024893 0.164297
0 0.155698 0.642266 0.022178 0.140469
6 0.408755 0.683867 0.005049 0.192422
0 0.342319 0.905820 0.097197 0.188359
0 0.492583 0.771523 0.024814 0.291328
0 0.506719 0.619766 0.010117 0.082656
0 0.493682 0.600391 0.009453 0.067500
6 0.933384 0.571133 0.005713 0.107109
6 0.928833 0.583789 0.005889 0.217422
4 0.688599 0.708633 0.014541 0.221641
4 0.666636 0.709102 0.022451 0.170234
4 0.635815 0.696641 0.013916 0.164062
