0 0.123179 0.739648 0.040947 0.276016
0 0.443530 0.663789 0.017686 0.136172
0 0.408369 0.594180 0.011445 0.095234
6 0.402095 0.660820 0.005732 0.164141
6 0.393989 0.655898 0.004229 0.145859
0 0.375928 0.584961 0.009160 0.070391
0 0.392866 0.591641 0.014209 0.079688
6 0.070117 0.583125 0.004727 0.135938
0 0.009434 0.636289 0.014180 0.166328
0 0.502979 0.701836 0.015371 0.169453
6 0.142642 0.645117 0.005889 0.196172
0 0.033369 0.554883 0.008340 0.080391
6 0.130254 0.616953 0.005684 0.162656
6 0.960645 0.589570 0.004199 0.136016
