7 0.416470 0.670352 0.006182 0.200391
4 0.416440 0.725039 0.007607 0.111797
6 0.465635 0.625664 0.003906 0.112422
4 0.796270 0.704102 0.009609 0.215234
0 0.015332 0.793633 0.030664 0.412734
0 0.046226 0.581562 0.017451 0.109063
6 0.232813 0.797148 0.013477 0.382266
0 0.037368 0.709336 0.030381 0.285234
0 0.508711 0.821680 0.031328 0.346172
0 0.521816 0.612852 0.010117 0.082578
0 0.508306 0.622383 0.012783 0.095547
6 0.965703 0.548828 0.003867 0.124531
4 0.884902 0.643086 0.021445 0.183047
4 0.875254 0.658047 0.015547 0.162500
4 0.840054 0.680664 0.011807 0.164766
