7 0.465815 0.610391 0.003564 0.080000
4 0.466006 0.639063 0.003496 0.048438
4 0.611890 0.665469 0.017373 0.122500
0 0.044473 0.788828 0.042266 0.422344
0 0.112295 0.709570 0.025039 0.164922
0 0.154248 0.639102 0.022266 0.140391
6 0.409429 0.688281 0.005107 0.210938
0 0.328481 0.911094 0.103584 0.177813
0 0.495107 0.770742 0.024961 0.291328
0 0.509727 0.619883 0.010117 0.082578
0 0.497959 0.600937 0.009453 0.067500
6 0.938857 0.570117 0.005469 0.102422
6 0.932329 0.583672 0.005713 0.213281
4 0.699038 0.715977 0.013818 0.221641
4 0.676104 0.712266 0.023574 0.175156
4 0.643301 0.696289 0.013164 0.167578
