7 0.423965 0.662305 0.005859 0.188359
4 0.423794 0.714648 0.007314 0.103203
6 0.467290 0.623750 0.003896 0.110469
4 0.785635 0.704102 0.009609 0.215234
0 0.015146 0.792930 0.030293 0.414141
0 0.050303 0.588125 0.018848 0.121875
6 0.247427 0.801211 0.009600 0.387109
0 0.040444 0.728125 0.031572 0.294687
0 0.508691 0.815312 0.030742 0.337813
0 0.522090 0.613008 0.010117 0.082578
0 0.508521 0.620352 0.012529 0.093359
6 0.965186 0.551289 0.004004 0.127891
4 0.881055 0.647305 0.023047 0.189766
4 0.868042 0.661641 0.017432 0.166719
4 0.831914 0.686406 0.011875 0.167500
