0 0.061606 0.622969 0.017197 0.136094
0 0.148350 0.810664 0.050215 0.364609
0 0.410947 0.791016 0.036738 0.260156
0 0.320723 0.669414 0.027773 0.137734
2 0.458237 0.599531 0.023174 0.189375
2 0.439995 0.604961 0.037939 0.253828
6 0.269092 0.770586 0.007129 0.255703
6 0.265049 0.755469 0.005645 0.245000
0 0.245674 0.637813 0.026797 0.144531
0 0.310688 0.634766 0.019814 0.104375
0 0.456821 0.661016 0.018096 0.162031
6 0.403208 0.672266 0.005283 0.162656
0 0.007900 0.654805 0.014160 0.166328
0 0.509209 0.710859 0.015508 0.167187
6 0.079346 0.584648 0.004805 0.104141
