0 0.107959 0.716172 0.034668 0.245313
0 0.439883 0.672305 0.018437 0.142891
0 0.469248 0.599883 0.012598 0.089297
0 0.406807 0.596211 0.012012 0.095078
6 0.399648 0.665664 0.005781 0.167578
6 0.391763 0.656758 0.004248 0.148047
0 0.372598 0.586992 0.010254 0.074453
0 0.391064 0.592031 0.014805 0.080937
6 0.068804 0.579531 0.004697 0.132031
0 0.009375 0.636992 0.014180 0.166328
0 0.503281 0.702305 0.015371 0.169453
6 0.138281 0.641328 0.005859 0.193906
0 0.032480 0.552734 0.008125 0.077813
6 0.125986 0.613008 0.005527 0.156016
6 0.962773 0.585469 0.003867 0.130625
