7 0.463936 0.599453 0.004102 0.092812
4 0.464092 0.625781 0.004160 0.062500
4 0.688813 0.704414 0.011943 0.190078
0 0.018950 0.790586 0.036592 0.418828
0 0.064277 0.651172 0.024180 0.151094
0 0.107461 0.621172 0.021738 0.140469
6 0.369399 0.736016 0.006533 0.296094
0 0.094712 0.847031 0.071260 0.302656
0 0.510366 0.774805 0.025850 0.295391
0 0.524453 0.613789 0.010117 0.082578
0 0.509478 0.605508 0.010342 0.075078
6 0.958643 0.573008 0.004687 0.165234
4 0.811323 0.703984 0.015967 0.221562
4 0.787788 0.721562 0.012451 0.192969
4 0.742427 0.714453 0.014170 0.179844
