7 0.465469 0.597734 0.004102 0.092500
4 0.465479 0.625625 0.004004 0.060312
4 0.683252 0.704492 0.012422 0.185078
0 0.019194 0.790469 0.037002 0.419063
0 0.068193 0.655820 0.024297 0.152578
0 0.111377 0.621953 0.022754 0.140469
6 0.374102 0.729805 0.006250 0.290703
0 0.102744 0.848711 0.079512 0.300078
0 0.510093 0.773633 0.025557 0.294766
0 0.524590 0.613867 0.010117 0.082578
0 0.509458 0.604883 0.010225 0.073984
6 0.957793 0.574336 0.004687 0.168203
4 0.805068 0.710078 0.015957 0.221562
4 0.779961 0.723750 0.012676 0.194375
4 0.735894 0.716016 0.014600 0.180000
