0 0.043530 0.570508 0.011436 0.094609
0 0.070889 0.631641 0.021719 0.161406
0 0.222524 0.854023 0.069795 0.291953
0 0.271348 0.656055 0.025742 0.143203
2 0.432061 0.625938 0.055977 0.320000
2 0.430044 0.621797 0.066748 0.347656
6 0.208271 0.733594 0.006035 0.252500
6 0.208862 0.727969 0.005635 0.245000
0 0.194395 0.605859 0.018477 0.111719
0 0.271455 0.617422 0.023398 0.117656
0 0.473384 0.638984 0.014932 0.117500
0 0.400874 0.756953 0.040225 0.340781
6 0.366299 0.688359 0.005254 0.223281
6 0.549302 0.602422 0.003877 0.113281
0 0.007427 0.660508 0.014150 0.166328
0 0.508364 0.710234 0.015791 0.162656
6 0.069414 0.566523 0.004004 0.088672
