0 0.473755 0.642031 0.010654 0.095937
0 0.034692 0.551641 0.008115 0.071719
0 0.045122 0.580977 0.011748 0.106797
0 0.085645 0.694766 0.027246 0.202656
0 0.218379 0.647656 0.025234 0.144687
2 0.344194 0.687656 0.145830 0.575625
2 0.403218 0.627422 0.095557 0.441406
6 0.154790 0.691680 0.006182 0.214453
6 0.160688 0.693320 0.005439 0.211797
0 0.153247 0.581602 0.013408 0.100078
0 0.226772 0.635000 0.023408 0.144062
0 0.461426 0.649023 0.010195 0.103516
0 0.443940 0.732109 0.023936 0.204688
0 0.188965 0.806914 0.069727 0.386172
6 0.294775 0.707656 0.005645 0.256406
6 0.558740 0.609336 0.004434 0.118672
0 0.007075 0.663750 0.014150 0.170469
0 0.507524 0.709688 0.016064 0.158125
