7 0.453804 0.613867 0.004092 0.114453
4 0.453735 0.651172 0.004990 0.069062
4 0.722686 0.704102 0.009609 0.215234
0 0.017490 0.791328 0.034160 0.417344
0 0.046006 0.644961 0.022656 0.151172
0 0.085176 0.613789 0.019687 0.140391
6 0.331865 0.773828 0.007480 0.344531
0 0.065552 0.818086 0.045068 0.362734
0 0.510688 0.782734 0.027588 0.298750
0 0.523613 0.613516 0.010117 0.082656
0 0.509600 0.609375 0.011113 0.081562
6 0.962256 0.565039 0.004707 0.147422
4 0.842935 0.678125 0.015342 0.200156
4 0.825171 0.690781 0.011084 0.184219
4 0.780693 0.709492 0.012520 0.178828
