0 0.041313 0.560469 0.007803 0.065781
0 0.136724 0.787852 0.041025 0.260234
0 0.382715 0.786055 0.046016 0.305234
0 0.461538 0.657852 0.013311 0.132734
0 0.363013 0.645820 0.020225 0.109766
2 0.449512 0.595156 0.019551 0.187500
6 0.333149 0.747500 0.006455 0.220937
6 0.324209 0.736797 0.006211 0.207187
0 0.302695 0.632500 0.025039 0.117344
0 0.347896 0.628086 0.019951 0.096016
0 0.474941 0.613008 0.010801 0.101328
6 0.428076 0.643906 0.005312 0.127188
0 0.008428 0.648398 0.014160 0.166328
0 0.508115 0.709023 0.015371 0.169453
6 0.094331 0.604570 0.005537 0.126172
6 0.080679 0.577812 0.003350 0.088125
