0 0.468340 0.641758 0.011953 0.111641
0 0.447441 0.663398 0.012656 0.123047
0 0.382388 0.814961 0.054619 0.349766
0 0.027998 0.551445 0.005020 0.048672
0 0.038276 0.580664 0.006611 0.071797
2 0.092178 0.590000 0.059453 0.364531
2 0.324463 0.657813 0.184082 0.629687
0 0.372690 0.779375 0.058584 0.269531
0 0.109663 0.770195 0.043057 0.290078
0 0.051406 0.591992 0.011660 0.131172
6 0.159834 0.686914 0.006055 0.237891
6 0.590967 0.640781 0.006094 0.185625
0 0.007075 0.656250 0.014150 0.201719
0 0.505952 0.708594 0.016592 0.149687
