0 0.470088 0.638398 0.011270 0.105078
0 0.451494 0.657266 0.011387 0.113437
0 0.396138 0.789297 0.049111 0.325313
0 0.028779 0.551641 0.005156 0.052969
0 0.039277 0.583516 0.006797 0.076719
2 0.100913 0.600391 0.065166 0.396094
2 0.331079 0.653477 0.175557 0.615703
0 0.385073 0.760430 0.049971 0.254609
0 0.125732 0.827578 0.048730 0.337031
0 0.053457 0.595820 0.012617 0.137734
6 0.167251 0.694258 0.005850 0.247109
6 0.587979 0.637461 0.005898 0.181328
0 0.007075 0.656797 0.014150 0.199687
0 0.506060 0.708672 0.016553 0.150312
