6 0.441128 0.701992 0.006416 0.211953
7 0.263257 0.739492 0.009229 0.321641
5 0.651860 0.578594 0.007451 0.201562
5 0.645630 0.579102 0.005752 0.180547
0 0.676733 0.446602 0.014443 0.155234
4 0.619355 0.572500 0.013711 0.205313
4 0.603188 0.534570 0.010322 0.158984
5 0.638662 0.535898 0.007793 0.184609
0 0.009443 0.554336 0.006992 0.061641
6 0.566846 0.750156 0.016113 0.499687
7 0.255825 0.747500 0.006904 0.335469
6 0.509111 0.613242 0.004941 0.114609
6 0.518306 0.606211 0.005400 0.120703
4 0.252539 0.811797 0.025488 0.211875
