7 0.471274 0.607500 0.003662 0.078750
4 0.471226 0.631602 0.003447 0.052266
4 0.634609 0.682344 0.016621 0.139687
0 0.036299 0.789336 0.040645 0.421328
0 0.102671 0.697500 0.025361 0.165469
0 0.145581 0.629219 0.020518 0.140469
6 0.405669 0.701680 0.005127 0.216641
0 0.245479 0.916992 0.111934 0.166016
0 0.505210 0.767617 0.025518 0.291328
0 0.519219 0.614336 0.010117 0.082578
0 0.505117 0.598203 0.009453 0.067500
6 0.951123 0.569492 0.004707 0.088359
6 0.946313 0.583281 0.005010 0.197031
4 0.735894 0.724258 0.010967 0.221641
4 0.707231 0.730195 0.014170 0.194766
4 0.673169 0.710820 0.014307 0.181484
