0 0.975488 0.630000 0.019629 0.114062
0 0.983340 0.606445 0.020215 0.119922
6 0.144668 0.671680 0.005605 0.184297
6 0.170269 0.597383 0.006631 0.169922
6 0.176318 0.590195 0.006523 0.171484
6 0.240576 0.662930 0.004785 0.103828
6 0.247642 0.646211 0.004326 0.088828
6 0.763071 0.645508 0.007803 0.261328
6 0.755688 0.648242 0.006924 0.269453
6 0.748330 0.647969 0.008203 0.256406
6 0.836123 0.756836 0.018906 0.480859
5 0.700435 0.796055 0.008740 0.264297
5 0.934131 0.846719 0.013164 0.306562
5 0.713828 0.722461 0.006582 0.207578
5 0.719111 0.695859 0.005820 0.172656
5 0.827339 0.877070 0.007139 0.245859
5 0.823140 0.873281 0.006064 0.252500
5 0.816738 0.874922 0.007324 0.250156
5 0.799053 0.850039 0.016387 0.299922
