0 0.078896 0.588984 0.012402 0.073281
7 0.174390 0.729219 0.006279 0.269687
4 0.171333 0.799336 0.008408 0.159609
6 0.437637 0.665039 0.004238 0.144297
6 0.472061 0.613242 0.003457 0.093984
6 0.464971 0.628086 0.003672 0.098828
6 0.462559 0.640000 0.003867 0.115000
6 0.544888 0.619102 0.004385 0.144453
6 0.540449 0.623672 0.003867 0.143281
6 0.534502 0.612227 0.003887 0.124141
0 0.948359 0.809453 0.050312 0.381094
4 0.871099 0.645273 0.011943 0.148984
0 0.018745 0.806367 0.037490 0.387266
0 0.004624 0.573516 0.008877 0.102812
6 0.108853 0.684219 0.005771 0.228750
0 0.021587 0.606250 0.015674 0.124375
0 0.509082 0.844023 0.041992 0.311953
0 0.520986 0.624258 0.010117 0.082578
0 0.505298 0.661016 0.016514 0.126719
4 0.919351 0.603359 0.011533 0.119531
4 0.913047 0.606602 0.010547 0.110703
4 0.898203 0.616484 0.012910 0.136875
