7 0.444771 0.626953 0.004736 0.130469
4 0.444473 0.672734 0.005859 0.080625
4 0.746934 0.704102 0.009609 0.215234
0 0.016514 0.791836 0.032539 0.416328
0 0.034673 0.641563 0.021904 0.151094
0 0.070830 0.605781 0.019687 0.140469
6 0.302222 0.791797 0.009346 0.371719
0 0.052939 0.796602 0.036875 0.341172
0 0.508623 0.793125 0.028730 0.308281
0 0.523066 0.613320 0.010117 0.082578
0 0.509292 0.613125 0.011631 0.085781
6 0.963379 0.560000 0.004492 0.139531
4 0.857490 0.660859 0.014941 0.185781
4 0.841719 0.685039 0.014746 0.178359
4 0.803428 0.706406 0.012148 0.177031
