7 0.332891 0.750195 0.010020 0.329297
4 0.332832 0.830391 0.018301 0.194531
6 0.454053 0.639062 0.004043 0.125938
0 0.989341 0.656133 0.016865 0.189766
4 0.843403 0.675703 0.009326 0.174687
0 0.016626 0.798438 0.033252 0.403125
0 0.021240 0.569805 0.014727 0.087422
6 0.155762 0.744180 0.007500 0.311016
0 0.030562 0.668398 0.020713 0.219141
0 0.508853 0.831758 0.035361 0.336484
0 0.520986 0.615586 0.010117 0.082578
0 0.506772 0.636797 0.014580 0.110625
4 0.907695 0.619687 0.013145 0.145313
4 0.897295 0.632891 0.012637 0.132344
4 0.879248 0.646680 0.014922 0.150859
