0 0.091499 0.601602 0.010498 0.069922
7 0.324521 0.755234 0.010371 0.336406
4 0.324678 0.837852 0.019219 0.198203
6 0.453223 0.640000 0.004063 0.126875
0 0.988486 0.660195 0.017871 0.195078
4 0.845781 0.673711 0.009297 0.171328
0 0.016719 0.798789 0.033438 0.402422
0 0.019551 0.569922 0.014727 0.087812
6 0.151250 0.739062 0.007383 0.304688
0 0.030200 0.665508 0.020264 0.214453
0 0.508862 0.832305 0.035654 0.335391
0 0.520986 0.615977 0.010117 0.082578
0 0.506665 0.637813 0.014717 0.111719
4 0.908584 0.619141 0.013066 0.144219
4 0.898867 0.631094 0.012422 0.130156
4 0.881064 0.644688 0.014824 0.150312
