6 0.435723 0.718750 0.007070 0.227188
6 0.442798 0.666445 0.005869 0.170391
7 0.246772 0.745234 0.009053 0.317500
5 0.663667 0.575820 0.007256 0.211484
5 0.657993 0.579141 0.006357 0.201094
0 0.683882 0.442305 0.015264 0.161172
4 0.629258 0.573906 0.013457 0.213906
4 0.612500 0.534219 0.011152 0.177656
5 0.649370 0.533867 0.008135 0.194609
0 0.008359 0.547344 0.006641 0.058906
6 0.581357 0.732734 0.016992 0.532656
7 0.238164 0.748555 0.006875 0.337734
6 0.509634 0.618672 0.005049 0.120156
6 0.519111 0.609180 0.005332 0.123203
4 0.238970 0.813398 0.026670 0.217266
