0 0.041636 0.565000 0.010596 0.090156
0 0.066294 0.623242 0.020479 0.154609
0 0.191138 0.850391 0.066650 0.299219
0 0.265176 0.654375 0.025488 0.143906
2 0.426660 0.632930 0.060684 0.354453
2 0.428799 0.623906 0.070352 0.359375
6 0.200723 0.727227 0.006035 0.252422
6 0.201841 0.724531 0.005635 0.245000
0 0.188066 0.599648 0.017852 0.110234
0 0.265713 0.615234 0.023398 0.117656
0 0.470806 0.648984 0.015947 0.127812
0 0.386094 0.764805 0.048457 0.354766
6 0.359209 0.693633 0.005332 0.229922
6 0.550176 0.605195 0.003945 0.113984
0 0.007368 0.661211 0.014150 0.166328
0 0.508262 0.710195 0.015820 0.162109
6 0.068174 0.564219 0.003906 0.086719
